0.000000 -0.016904185 -0.014762712 0.029812373 -0.014960656 0.006864909 -0.002274247 0.999861956
0.000000 -0.020839313 -0.017353674 0.033924319 -0.017586574 0.008342519 -0.004223263 0.999801636
0.000000 -0.029560441 -0.020492503 0.044245679 -0.016626379 0.012568102 -0.009838396 0.999734402
0.000000 -0.040901445 -0.027637992 0.053177044 -0.016978985 0.013493576 -0.009493904 0.999719739
0.000000 -0.053725034 -0.032625359 0.063368380 -0.015932083 0.012274219 -0.007882257 0.999766648
0.000000 -0.069587491 -0.037942514 0.071336769 -0.015440346 0.010806249 -0.004879366 0.999810517
0.000000 -0.086676285 -0.044691660 0.076153539 -0.016642841 0.009694081 -0.002941007 0.999810159
0.000000 -0.095431685 -0.048417389 0.078188278 -0.017969288 0.009245182 -0.002250620 0.999793291
0.000000 -0.104886621 -0.053407926 0.078678913 -0.019369537 0.008961451 -0.001251286 0.999771476
0.000000 -0.121850982 -0.064634413 0.078775249 -0.019285098 0.009213165 -0.000232888 0.999771535
0.000000 -0.128767803 -0.071790934 0.079058982 -0.018737877 0.009301552 -0.000182273 0.999781132
0.000000 -0.139656693 -0.079570897 0.077340297 -0.018233133 0.010771952 0.000273490 0.999775708
0.000000 -0.147107080 -0.085824966 0.076213092 -0.018019715 0.007943470 0.003436956 0.999800146
0.000000 -0.161818668 -0.092789017 0.077929452 -0.018868025 0.009189312 0.003028773 0.999775171
0.000000 -0.167946503 -0.095118523 0.079571098 -0.018899169 0.010483949 0.002013958 0.999764383
0.000000 -0.174189061 -0.096550547 0.081285909 -0.018664008 0.012759078 -0.000125798 0.999744415
0.000000 -0.186612368 -0.097599879 0.084979951 -0.018100513 0.016916323 -0.004289262 0.999683917
0.000000 -0.198651344 -0.098800518 0.088157572 -0.019196250 0.019543895 -0.006401815 0.999604225
0.000000 -0.212186307 -0.099738628 0.090642005 -0.019388517 0.023818485 -0.010304642 0.999475181
0.000000 -0.227324218 -0.102594569 0.092322886 -0.016645741 0.025543867 -0.011504141 0.999468923
0.000000 -0.235918313 -0.102535389 0.093891315 -0.015026511 0.025988258 -0.012266786 0.999474049
0.000000 -0.256098926 -0.105043225 0.093055330 -0.015683582 0.025653023 -0.011533944 0.999481320
0.000000 -0.265352428 -0.105105989 0.092852131 -0.017252902 0.026364179 -0.012048045 0.999430954
0.000000 -0.285676271 -0.105162837 0.091324374 -0.021006277 0.029629873 -0.014252781 0.999238551
0.000000 -0.294981301 -0.105400532 0.091186792 -0.021866893 0.030717310 -0.015504680 0.999168634
0.000000 -0.320051670 -0.106161676 0.090608694 -0.020507077 0.033492297 -0.016962273 0.999084592
0.000000 -0.346139967 -0.105612114 0.091282368 -0.018477986 0.038224172 -0.020264307 0.998892844
0.000000 -0.377715588 -0.105644800 0.090599619 -0.017679337 0.039054763 -0.018419510 0.998910844
0.000000 -0.393801093 -0.104748294 0.090634838 -0.017561557 0.038905978 -0.017504985 0.998935223
0.000000 -0.427662104 -0.102547243 0.091879226 -0.016598048 0.038375512 -0.015486114 0.999005497
0.000000 -0.445178151 -0.102260806 0.090961844 -0.016959835 0.037657015 -0.014030230 0.999048293
0.000000 -0.462446600 -0.101429366 0.090621322 -0.016672796 0.037529886 -0.013232606 0.999068797
0.000000 -0.497637361 -0.095328107 0.092699699 -0.016691128 0.047804143 -0.003005844 0.998712718
0.000000 -0.514445722 -0.090808153 0.093788333 -0.016596140 0.057516757 0.006636688 0.998184562
0.000000 -0.528775394 -0.090133309 0.094958358 -0.018502546 0.061673876 0.012175514 0.997850597
0.000000 -0.567715049 -0.075936116 0.099398941 -0.027001020 0.065038919 0.013241761 0.997429490
0.000000 -0.608332396 -0.064335048 0.105184659 -0.035425577 0.063543029 0.017535372 0.997195959
0.000000 -0.648356557 -0.059963629 0.110757552 -0.038051553 0.061296061 0.023044782 0.997127831
0.000000 -0.683349431 -0.058572747 0.123382874 -0.035094388 0.061218347 0.025521940 0.997180700
0.000000 -0.699668527 -0.059002981 0.128943503 -0.033554178 0.061729141 0.025872501 0.997193277
0.000000 -0.732733071 -0.062078901 0.144182071 -0.028352061 0.064973496 0.024537832 0.997182310
0.000000 -0.762913346 -0.070378743 0.158952534 -0.025145205 0.064518578 0.027361579 0.997224391
0.000000 -0.789879918 -0.075020403 0.176908508 -0.024418093 0.066019103 0.027015373 0.997153640
0.000000 -0.802013099 -0.079386838 0.183527753 -0.025293453 0.066274539 0.027351944 0.997105777
0.000000 -0.825081944 -0.090440094 0.199005127 -0.023934104 0.069280997 0.025097050 0.996994197
0.000000 -0.835966945 -0.096968837 0.207915828 -0.022129307 0.069628246 0.025332546 0.997005820
0.000000 -0.845822990 -0.102457196 0.217153803 -0.016211361 0.070782557 0.023988519 0.997071505
0.000000 -0.862047434 -0.116928279 0.233547807 -0.010650611 0.071934588 0.022943569 0.997088611
0.000000 -0.872078776 -0.124130167 0.241190419 -0.008952461 0.073421828 0.022254802 0.997012436
0.000000 -0.888306975 -0.135443166 0.256267786 0.000082685 0.073354833 0.022065569 0.997061789
0.000000 -0.903198123 -0.145640537 0.267535895 -0.000571665 0.077937171 0.018152291 0.996792853
0.000000 -0.915600598 -0.153966814 0.274866372 -0.007337297 0.087036200 0.008504735 0.996141851
0.000000 -0.931336164 -0.159232587 0.283609331 -0.010594417 0.094143592 0.001655734 0.995500922
0.000000 -0.941032767 -0.159359172 0.287258178 -0.011255742 0.095802136 0.000118268 0.995336771
0.000000 -0.963869452 -0.161679298 0.295998991 -0.014816040 0.097457759 0.000077015 0.995129406
0.000000 -0.977142751 -0.162866592 0.300227642 -0.016420802 0.098586425 -0.000387295 0.994992971
0.000000 -0.991144538 -0.165146992 0.304775208 -0.017024431 0.098230235 0.001401435 0.995017111
0.000000 -1.021055698 -0.167171717 0.317577124 -0.014657514 0.102081120 0.000818894 0.994667768
0.000000 -1.050511360 -0.170468032 0.326251239 -0.013743402 0.107699476 -0.003401649 0.994082689
0.000000 -1.068242192 -0.171089306 0.331214905 -0.014114257 0.111059196 -0.005506050 0.993698299
0.000000 -1.108876228 -0.171906203 0.344330400 -0.012586190 0.110447988 -0.002288732 0.993799567
0.000000 -1.151750207 -0.172966078 0.356570661 -0.011253535 0.110432401 0.000388649 0.993819892
0.000000 -1.174199700 -0.171972394 0.364383638 -0.009883571 0.110514820 0.001695947 0.993823946
0.000000 -1.221553445 -0.171998963 0.374707520 -0.009408831 0.112736903 0.002515611 0.993577182
0.000000 -1.245710135 -0.170400187 0.382440060 -0.008407484 0.109995931 0.007021074 0.993871689
0.000000 -1.294590235 -0.166937262 0.394216388 -0.013177891 0.107008271 0.013614797 0.994077623
0.000000 -1.319137335 -0.165118948 0.399814516 -0.016759478 0.103367984 0.019688746 0.994307041
0.000000 -1.366011858 -0.160813048 0.411181241 -0.022813970 0.098536655 0.028861016 0.994453192
0.000000 -1.411140442 -0.158799276 0.425000072 -0.019137988 0.099312559 0.030634651 0.994400501
0.000000 -1.448698521 -0.157782391 0.438815475 -0.011379364 0.100171648 0.030319212 0.994442999
0.000000 -1.467887402 -0.156633258 0.444421619 -0.010645871 0.101419590 0.030317426 0.994324744
0.000000 -1.500658631 -0.153268322 0.457807124 -0.014148634 0.104813591 0.029853404 0.993943036
0.000000 -1.515910506 -0.152155176 0.463421375 -0.015558209 0.106165789 0.029092258 0.993800998
0.000000 -1.530061603 -0.150222957 0.468881309 -0.017122423 0.108103208 0.027663467 0.993607163
0.000000 -1.558682323 -0.147142649 0.480429411 -0.018953096 0.112134367 0.026524747 0.993158162
0.000000 -1.580429912 -0.146313533 0.493155867 -0.020229144 0.113824338 0.025821012 0.992959261
0.000000 -1.604838967 -0.149604321 0.505668044 -0.006776955 0.113621503 0.027701557 0.993114769
0.000000 -1.621953011 -0.151582643 0.515674174 0.000178685 0.122342318 0.017968515 0.992325306
0.000000 -1.637487650 -0.150168553 0.523203135 -0.002696746 0.133187234 0.006481672 0.991066039
0.000000 -1.648371100 -0.149153069 0.527439177 -0.004086576 0.137187019 0.002773813 0.990532875
0.000000 -1.671702266 -0.147494808 0.534371316 -0.003371596 0.135110497 0.006278174 0.990804970
0.000000 -1.700843930 -0.144889086 0.543748438 -0.002128145 0.122280978 0.024777267 0.992183983
0.000000 -1.719551206 -0.139849737 0.544186413 -0.015154514 0.117820717 0.031243093 0.992427588
0.000000 -1.728842139 -0.136241302 0.543937087 -0.024427226 0.118783809 0.031665284 0.992114425
0.000000 -1.740787506 -0.132906362 0.543515861 -0.028511204 0.122230053 0.030043131 0.991637230
0.000000 -1.744160533 -0.133635446 0.545950055 -0.028410366 0.121112444 0.030542310 0.991761982
0.000000 -1.754183769 -0.139160275 0.551758707 -0.015239982 0.120922834 0.029761504 0.992098629
0.000000 -1.763839245 -0.147892624 0.550781369 -0.004165424 0.122600108 0.026498854 0.992093563
0.000000 -1.767635942 -0.153586015 0.548225820 -0.003698622 0.121782646 0.027941478 0.992156625
0.000000 -1.771965265 -0.152238399 0.546302736 -0.014560241 0.122372746 0.030313145 0.991914332
0.000000 -1.771603584 -0.150490329 0.542918086 -0.031004775 0.124062404 0.030005023 0.991335988
0.000000 -1.767085791 -0.153965920 0.543558240 -0.029890766 0.125095353 0.027582891 0.991310716
0.000000 -1.762089610 -0.163014740 0.546616852 -0.011324291 0.126838356 0.023680005 0.991576076
0.000000 -1.756985903 -0.164946109 0.549492061 -0.002294077 0.126228392 0.022626376 0.991740525
0.000000 -1.749028683 -0.167944625 0.549795985 0.003004528 0.127433211 0.018693766 0.991666436
0.000000 -1.743978143 -0.168137953 0.547960460 0.000863979 0.127118766 0.018430371 0.991715968
0.000000 -1.732957482 -0.164861128 0.543544769 -0.007325363 0.128515229 0.018107636 0.991515219
0.000000 -1.718299985 -0.161096171 0.540114522 -0.012538230 0.142173633 0.028152147 0.989361882
0.000000 -1.704163074 -0.159674466 0.534594834 -0.012463395 0.156341061 0.040319491 0.986801147
0.000000 -1.698322415 -0.158722252 0.533273399 -0.012756593 0.156072646 0.041655667 0.986784399
0.000000 -1.686523676 -0.157592505 0.529845119 -0.014806136 0.156938046 0.037929766 0.986768842
0.000000 -1.679202914 -0.156920433 0.528103471 -0.015358237 0.159124732 0.034774549 0.986526310
0.000000 -1.667909026 -0.157092065 0.525020182 -0.015272989 0.163814038 0.028796541 0.985952556
0.000000 -1.663751960 -0.158088714 0.523535490 -0.015843008 0.163787469 0.028702691 0.985950768
0.000000 -1.658324718 -0.160386354 0.522885203 -0.018745296 0.162788182 0.029342961 0.986046433
0.000000 -1.658303499 -0.161718920 0.525094092 -0.018651152 0.163977340 0.028430622 0.985877931
0.000000 -1.656017303 -0.167697638 0.527039945 -0.015387804 0.163505271 0.026963642 0.986053884
0.000000 -1.657165647 -0.171748057 0.528536439 -0.013550733 0.161530241 0.029113110 0.986345232
0.000000 -1.662473917 -0.180167094 0.530458808 -0.011582645 0.154115319 0.038170476 0.987247348
0.000000 -1.667579532 -0.189977437 0.535839438 -0.006084931 0.148534343 0.044585500 0.987882972
0.000000 -1.671741486 -0.199843198 0.537483990 -0.000686002 0.146111861 0.046917737 0.988154650
0.000000 -1.672856331 -0.204924777 0.537595630 0.005011561 0.145655662 0.047026418 0.988204360
0.000000 -1.674138308 -0.210295931 0.537264943 0.009593999 0.146495730 0.045697615 0.988108635
0.000000 -1.675889373 -0.217125654 0.533886611 0.015325575 0.148929179 0.042536829 0.987813652
0.000000 -1.675383091 -0.218682200 0.530774951 0.010130920 0.148940176 0.042761657 0.987869263
0.000000 -1.676364660 -0.217420086 0.520019531 -0.012640667 0.148016497 0.046560775 0.987807393
0.000000 -1.676690578 -0.215824202 0.512525320 -0.025563812 0.147978887 0.047360055 0.987525165
0.000000 -1.675513625 -0.213827223 0.511332631 -0.026955046 0.148013249 0.047596514 0.987471581
0.000000 -1.673753858 -0.216426834 0.507587969 -0.027120739 0.148087770 0.046985839 0.987485111
0.000000 -1.672148943 -0.216817394 0.509298265 -0.023167610 0.147875130 0.047285441 0.987603366
0.000000 -1.668502450 -0.221178919 0.510267615 -0.014881164 0.148441911 0.045205053 0.987775326
0.000000 -1.663286924 -0.224687532 0.511808872 -0.010067386 0.150789693 0.042075612 0.987618744
0.000000 -1.660102248 -0.231068730 0.513441026 -0.004801400 0.150650427 0.042164113 0.987675846
0.000000 -1.658331037 -0.234574437 0.514162958 -0.000229677 0.149049386 0.042150628 0.987930954
0.000000 -1.655416369 -0.239710450 0.512808383 0.007314371 0.147822291 0.042256676 0.988083780
0.000000 -1.651709795 -0.240443528 0.508594692 -0.005684352 0.146171421 0.044664241 0.988234222
0.000000 -1.650250316 -0.239229649 0.506495118 -0.014877365 0.147827715 0.047987666 0.987736225
0.000000 -1.644336820 -0.240361810 0.501907825 -0.021018220 0.158347666 0.063177265 0.985136032
0.000000 -1.642107129 -0.241112307 0.501325786 -0.019254696 0.164805591 0.068062052 0.983786523
0.000000 -1.636279106 -0.245018378 0.501815081 -0.012538165 0.169462472 0.064892076 0.983318031
0.000000 -1.631921291 -0.251656353 0.505947471 0.005726286 0.168710634 0.062109984 0.983690143
0.000000 -1.627744794 -0.254759073 0.505707383 0.014714882 0.166605160 0.062466033 0.983933091
0.000000 -1.622670174 -0.258267105 0.506267130 0.026338074 0.167752355 0.063126922 0.983453333
0.000000 -1.620792150 -0.257275671 0.505024672 0.032757413 0.171371341 0.064220220 0.982565284
0.000000 -1.616180539 -0.251316637 0.500986040 0.034310687 0.176122203 0.068843171 0.981358469
0.000000 -1.613950849 -0.244878843 0.495013118 0.022878356 0.176486731 0.073081411 0.981319666
0.000000 -1.611562252 -0.224713549 0.482711971 -0.009480785 0.180168301 0.084810466 0.979926884
0.000000 -1.607202053 -0.212257072 0.470527738 -0.022007547 0.191750348 0.093241714 0.976756632
0.000000 -1.605649471 -0.208258137 0.465336442 -0.020983551 0.193381712 0.093642898 0.976419091
0.000000 -1.604053020 -0.203273609 0.458460748 -0.017730033 0.191322178 0.095075816 0.976750851
0.000000 -1.601822257 -0.202328309 0.455307245 -0.016346838 0.189638585 0.096053675 0.977007508
0.000000 -1.600544214 -0.201570809 0.452811867 -0.015102632 0.187545434 0.098020405 0.977236211
0.000000 -1.596260428 -0.201300547 0.448789299 -0.006918925 0.185841739 0.099522285 0.977502108
0.000000 -1.588024020 -0.199495494 0.445623636 -0.000763128 0.192873240 0.090245821 0.977064490
0.000000 -1.584118247 -0.199792013 0.444243103 -0.000822732 0.198142409 0.084371053 0.976534963
0.000000 -1.580233574 -0.196856081 0.441045105 -0.000219251 0.202388197 0.078731082 0.976135433
0.000000 -1.578368545 -0.194658726 0.439468741 0.000965505 0.205583483 0.074929029 0.975766480
