0.000000 -0.017238231 -0.014823142 0.029847072 -0.014946672 0.007001829 -0.002365707 0.999861002
0.000000 -0.021165064 -0.017536849 0.034027893 -0.017650127 0.008472968 -0.004272386 0.999799192
0.000000 -0.029616447 -0.021399099 0.043820176 -0.017186621 0.012650746 -0.009398593 0.999728084
0.000000 -0.041122809 -0.027709294 0.053481914 -0.016948543 0.013520609 -0.009517685 0.999719679
0.000000 -0.054650407 -0.032749038 0.063281961 -0.015945328 0.012663230 -0.007938495 0.999761164
0.000000 -0.070369959 -0.038109448 0.071340300 -0.015436396 0.011082401 -0.004919431 0.999807358
0.000000 -0.087679699 -0.045433376 0.075921610 -0.016924392 0.010047673 -0.003027220 0.999801695
0.000000 -0.096412458 -0.048956733 0.078028381 -0.018145578 0.009554091 -0.002239960 0.999787211
0.000000 -0.105648398 -0.054097790 0.078163840 -0.019664520 0.009187244 -0.001188844 0.999763787
0.000000 -0.123970099 -0.064739458 0.079476528 -0.019009521 0.009768720 -0.000533261 0.999771476
0.000000 -0.131114066 -0.073021248 0.078258879 -0.019153297 0.010258782 -0.000526709 0.999763787
0.000000 -0.140398651 -0.079509802 0.077525243 -0.018159879 0.011047943 0.000124734 0.999774039
0.000000 -0.149201199 -0.086334728 0.076300107 -0.018119836 0.008631261 0.003281270 0.999793231
0.000000 -0.163860112 -0.093607403 0.078010723 -0.019128006 0.009805202 0.002978644 0.999764562
0.000000 -0.169717714 -0.096338786 0.079662383 -0.019293740 0.011010112 0.001787183 0.999751687
0.000000 -0.176149175 -0.097104579 0.081571504 -0.018737884 0.013312228 -0.000229527 0.999735773
0.000000 -0.188255683 -0.099121004 0.085010469 -0.018664375 0.017261805 -0.004236064 0.999667823
0.000000 -0.200925335 -0.100331701 0.088180065 -0.019754972 0.020151017 -0.006227823 0.999582350
0.000000 -0.214634940 -0.100777552 0.090405390 -0.019726485 0.024451137 -0.010167289 0.999454677
0.000000 -0.229268566 -0.104630046 0.092409104 -0.017424110 0.025942124 -0.011407743 0.999446511
0.000000 -0.236977011 -0.105138376 0.094406456 -0.016063843 0.025903320 -0.011788174 0.999465942
0.000000 -0.258037120 -0.106091559 0.093755700 -0.016030844 0.025953649 -0.011285055 0.999470890
0.000000 -0.266561180 -0.106693126 0.093655705 -0.017770521 0.026275357 -0.011447290 0.999431252
0.000000 -0.289008707 -0.106132872 0.091552764 -0.021207117 0.030553767 -0.014122264 0.999208331
0.000000 -0.298520356 -0.107134230 0.091608338 -0.022362588 0.031709794 -0.015402995 0.999128222
0.000000 -0.323298514 -0.106868304 0.091691874 -0.020593621 0.034305893 -0.016756421 0.999058664
0.000000 -0.349564791 -0.106539205 0.092254706 -0.018678920 0.039141618 -0.020045837 0.998857975
0.000000 -0.380752385 -0.106198534 0.092147127 -0.017701579 0.039697524 -0.018113280 0.998890698
0.000000 -0.397281319 -0.104795985 0.092456117 -0.017398810 0.039743479 -0.017241165 0.998909652
0.000000 -0.431525856 -0.103283808 0.092623971 -0.016672239 0.039317831 -0.015171623 0.998972476
0.000000 -0.449238777 -0.101889893 0.092334867 -0.016555423 0.038720712 -0.013812188 0.999017477
0.000000 -0.468041807 -0.099709354 0.093489625 -0.015660137 0.039560683 -0.013762039 0.998999655
0.000000 -0.502517462 -0.095526256 0.093534842 -0.016588235 0.049124442 -0.002745368 0.998651147
0.000000 -0.519341826 -0.092105709 0.094031721 -0.016999511 0.058791202 0.007099371 0.998100281
0.000000 -0.535343468 -0.088229604 0.095507368 -0.017531764 0.063904360 0.011914937 0.997730911
0.000000 -0.572559297 -0.077318318 0.098655082 -0.027483156 0.066106476 0.014008841 0.997335613
0.000000 -0.613574326 -0.068797074 0.102153748 -0.037351813 0.064616501 0.018540561 0.997038543
0.000000 -0.653204083 -0.061390989 0.111631364 -0.038503937 0.062702887 0.024030471 0.996999681
0.000000 -0.690095186 -0.063275583 0.118437998 -0.037327152 0.062556915 0.026630294 0.996987581
0.000000 -0.705752969 -0.060337085 0.128036961 -0.034150567 0.063375987 0.026429819 0.997054994
0.000000 -0.740759194 -0.067504093 0.139291972 -0.030741123 0.066855386 0.025669700 0.996958613
0.000000 -0.771811306 -0.076317430 0.153615624 -0.027666744 0.066472091 0.028712031 0.996991277
0.000000 -0.798340380 -0.076404087 0.176254645 -0.024944009 0.068229996 0.028036971 0.996963620
0.000000 -0.809950829 -0.083040915 0.183162555 -0.026683470 0.068263933 0.028480783 0.996903658
0.000000 -0.832913280 -0.091320276 0.200525180 -0.024135333 0.071882382 0.025463114 0.996795893
0.000000 -0.843459308 -0.099068664 0.207663223 -0.023094913 0.071968339 0.025540400 0.996812403
0.000000 -0.854157507 -0.103915714 0.217721254 -0.016656999 0.072579131 0.025253545 0.996903777
0.000000 -0.870704293 -0.119215518 0.233935058 -0.011466702 0.074150003 0.023896307 0.996894836
0.000000 -0.879950523 -0.125837490 0.240689144 -0.009612088 0.075276837 0.023301808 0.996844113
0.000000 -0.898140669 -0.137496784 0.257622033 -0.000562841 0.076316036 0.022659726 0.996825993
0.000000 -0.912169814 -0.148363531 0.268779874 -0.001300769 0.080335982 0.019087166 0.996584296
0.000000 -0.923777938 -0.154560149 0.276555568 -0.007302166 0.089123130 0.009418981 0.995949328
0.000000 -0.939670682 -0.158464655 0.284937680 -0.010303446 0.096798658 0.001697355 0.995249212
0.000000 -0.949175000 -0.158723548 0.290572405 -0.010803309 0.098070614 0.001041285 0.995120347
0.000000 -0.975609541 -0.164142206 0.297174275 -0.015838759 0.101141915 0.000483644 0.994745791
0.000000 -0.986526191 -0.164559126 0.302662224 -0.016988827 0.101412147 0.000205746 0.994699419
0.000000 -1.000485420 -0.166724488 0.307887197 -0.017595224 0.101099476 0.001929354 0.994718850
0.000000 -1.031595826 -0.170745671 0.318430692 -0.016205747 0.105115302 0.001420295 0.994327009
0.000000 -1.063906193 -0.172722131 0.331596911 -0.014433327 0.111972764 -0.002585851 0.993603110
0.000000 -1.078146100 -0.172268882 0.334146321 -0.014445678 0.114048436 -0.004893490 0.993358135
0.000000 -1.117406249 -0.173029140 0.347914577 -0.012737050 0.112757675 -0.001492569 0.993539810
0.000000 -1.160865664 -0.175704643 0.358997107 -0.012223645 0.112835594 0.001422056 0.993537545
0.000000 -1.184099913 -0.174303219 0.366846919 -0.010842374 0.113367923 0.002554393 0.993490636
0.000000 -1.230483413 -0.172328979 0.380583376 -0.009168857 0.115474105 0.002809129 0.993264198
0.000000 -1.254160166 -0.170632377 0.388116032 -0.008077496 0.112560079 0.007477182 0.993583977
0.000000 -1.302743316 -0.166502327 0.401326418 -0.012494387 0.109571420 0.013875096 0.993803561
0.000000 -1.327268839 -0.164867640 0.406479239 -0.016186580 0.105888009 0.019691583 0.994051278
0.000000 -1.372986317 -0.160985246 0.417957693 -0.022389680 0.100596614 0.029350862 0.994242251
0.000000 -1.418156385 -0.157875448 0.432822466 -0.018213801 0.101535372 0.030781107 0.994188786
0.000000 -1.455406427 -0.157991633 0.446924180 -0.010892736 0.102376036 0.030584687 0.994215846
0.000000 -1.474540710 -0.157026052 0.452943563 -0.010183555 0.103652015 0.030699745 0.994087577
0.000000 -1.506901383 -0.153211862 0.465321094 -0.013745273 0.106976330 0.029668700 0.993723750
0.000000 -1.521438837 -0.152190521 0.471197784 -0.015179269 0.108107336 0.029022843 0.993599594
0.000000 -1.535987616 -0.149936348 0.476375878 -0.016408920 0.110043868 0.027714310 0.993404746
0.000000 -1.564575195 -0.146675840 0.488301307 -0.018275337 0.114221707 0.026180871 0.992942095
0.000000 -1.586772561 -0.145963237 0.500533760 -0.019602444 0.115946375 0.025691194 0.992729664
0.000000 -1.609853268 -0.149573013 0.513673842 -0.006289282 0.115336746 0.027022902 0.992938876
0.000000 -1.627015591 -0.152669623 0.522330225 -0.000012188 0.123767510 0.018387794 0.992140889
0.000000 -1.642095208 -0.149967149 0.529291093 -0.002307676 0.134370774 0.006545627 0.990906835
0.000000 -1.652258635 -0.149487182 0.531635165 -0.004173743 0.137996629 0.002556676 0.990420580
0.000000 -1.674595237 -0.147509918 0.541842163 -0.002981173 0.136370957 0.005920528 0.990635693
0.000000 -1.701134086 -0.146570504 0.548704445 -0.002635546 0.122475795 0.024314521 0.992170155
0.000000 -1.723829746 -0.139475316 0.550333381 -0.014816708 0.119041041 0.030737013 0.992302835
0.000000 -1.734217286 -0.136041448 0.549489439 -0.024032731 0.120677978 0.030562732 0.991930008
0.000000 -1.743126631 -0.134155110 0.549810410 -0.028879287 0.122326896 0.030320283 0.991606176
0.000000 -1.749667883 -0.133128032 0.551732421 -0.027917244 0.123052463 0.029327625 0.991573811
0.000000 -1.760211587 -0.137544349 0.557546318 -0.014165290 0.123223588 0.027776167 0.991889060
0.000000 -1.768199444 -0.147898227 0.555720031 -0.004055878 0.124056719 0.025674259 0.991934657
0.000000 -1.771317482 -0.152804404 0.554249883 -0.003197554 0.122867689 0.027470669 0.992037654
0.000000 -1.775408626 -0.152395546 0.551218331 -0.014583157 0.123338655 0.029636249 0.991814852
0.000000 -1.775383949 -0.150583923 0.548813701 -0.030945135 0.124992773 0.029733507 0.991229117
0.000000 -1.772530437 -0.153215677 0.549997866 -0.029223515 0.126879990 0.026572995 0.991131306
0.000000 -1.766392231 -0.161665916 0.553449035 -0.010347671 0.128201097 0.022955352 0.991428494
0.000000 -1.762307286 -0.165185541 0.554445982 -0.002303142 0.127829447 0.022157688 0.991545975
0.000000 -1.753895164 -0.167313844 0.555834889 0.003377599 0.128823787 0.018378317 0.991491437
0.000000 -1.749593973 -0.167177990 0.554514527 0.001495207 0.128781021 0.018177476 0.991505325
0.000000 -1.738872051 -0.163647890 0.550972283 -0.006483254 0.130352914 0.017704805 0.991288424
0.000000 -1.723074198 -0.160633013 0.546184778 -0.012122130 0.143421337 0.027862333 0.989195168
0.000000 -1.709015965 -0.159769595 0.539417565 -0.012335139 0.157629281 0.040058870 0.986608446
0.000000 -1.702775836 -0.158717945 0.538129032 -0.012618086 0.157227948 0.041606653 0.986604869
0.000000 -1.685647368 -0.156359807 0.538087368 -0.013962733 0.154977262 0.038964532 0.987050593
0.000000 -1.684506893 -0.156845301 0.533350646 -0.015073059 0.160553679 0.034245528 0.986317754
0.000000 -1.673176646 -0.156363815 0.531355441 -0.014661648 0.165395319 0.028535509 0.985705435
0.000000 -1.669119239 -0.157728896 0.529759705 -0.015322721 0.165437788 0.028265325 0.985696077
0.000000 -1.664084196 -0.159095511 0.531224072 -0.017655302 0.164651647 0.029212316 0.985760987
0.000000 -1.662671208 -0.161334619 0.530799806 -0.018278113 0.165033549 0.028457003 0.985707939
0.000000 -1.661881804 -0.167631209 0.532063246 -0.015145713 0.165287331 0.026776295 0.985765576
0.000000 -1.663003445 -0.171506599 0.533901095 -0.013254005 0.163398221 0.028775660 0.986051440
0.000000 -1.667893887 -0.178679287 0.538277924 -0.010463565 0.155817866 0.038019277 0.986998379
0.000000 -1.673040867 -0.188975394 0.542024314 -0.005433432 0.150188178 0.044112504 0.987657905
0.000000 -1.675931931 -0.199516311 0.541779816 -0.000486123 0.147169098 0.046772942 0.988004744
0.000000 -1.678439498 -0.204603881 0.542906106 0.005563736 0.147510082 0.046153527 0.987967491
0.000000 -1.678848147 -0.209965855 0.543497086 0.009963556 0.147836626 0.045558680 0.987911701
0.000000 -1.679639935 -0.215794593 0.540627003 0.016088847 0.149629131 0.043413304 0.987657607
0.000000 -1.679829478 -0.216906577 0.537131429 0.011101750 0.150076866 0.043169063 0.987669051
0.000000 -1.680444956 -0.213687688 0.528196335 -0.010687670 0.149019375 0.046715043 0.987672389
0.000000 -1.680704594 -0.212514371 0.520297885 -0.023851702 0.148779646 0.047896493 0.987421751
0.000000 -1.680382967 -0.212589741 0.517337561 -0.026254391 0.149313778 0.047755528 0.987286985
0.000000 -1.678222060 -0.215339318 0.514786243 -0.026221301 0.149238318 0.047198616 0.987326026
0.000000 -1.676680803 -0.216691837 0.514918625 -0.022770582 0.149063438 0.047149654 0.987440467
0.000000 -1.673345089 -0.220358834 0.516876340 -0.014236051 0.149849206 0.044910453 0.987585723
0.000000 -1.668000221 -0.225463167 0.516786873 -0.010155804 0.152106419 0.042084616 0.987415493
0.000000 -1.664962173 -0.229695544 0.519803762 -0.003859390 0.151922420 0.042318594 0.987478554
0.000000 -1.662542820 -0.233436659 0.519818783 0.000505286 0.150011256 0.042406343 0.987774312
0.000000 -1.659713030 -0.239165127 0.519062877 0.007856725 0.148926735 0.042127598 0.987919211
0.000000 -1.657440543 -0.239370525 0.514668107 -0.004909476 0.147848979 0.044688929 0.987987638
0.000000 -1.655554414 -0.238097221 0.513596892 -0.013964170 0.149312958 0.048162863 0.987517595
0.000000 -1.650612593 -0.238416791 0.510187387 -0.019570852 0.160272315 0.062800482 0.984878600
0.000000 -1.647528291 -0.240134493 0.507999778 -0.018428268 0.166286424 0.068245433 0.983540475
0.000000 -1.641694903 -0.243427068 0.508699656 -0.011436905 0.171031505 0.064852275 0.983062387
0.000000 -1.637205839 -0.250883132 0.512147665 0.006361653 0.170205295 0.061793257 0.983448684
0.000000 -1.635017276 -0.254369348 0.511973143 0.015228551 0.168977305 0.062098853 0.983543932
0.000000 -1.629462361 -0.255844831 0.513596356 0.027724527 0.169842929 0.062973537 0.983066142
0.000000 -1.626799583 -0.256152511 0.511384726 0.033649255 0.173191190 0.063769177 0.982245445
0.000000 -1.622228622 -0.249529749 0.507911921 0.035490401 0.177941397 0.068721168 0.980996788
0.000000 -1.619957924 -0.242718011 0.502785265 0.024259547 0.178395346 0.072537199 0.980981648
0.000000 -1.616096616 -0.225145042 0.490053028 -0.009058440 0.181354180 0.084716089 0.979720235
0.000000 -1.613660336 -0.211739525 0.476571321 -0.021303479 0.193535522 0.093367413 0.976408064
0.000000 -1.612259865 -0.207838953 0.473329037 -0.020215478 0.195511013 0.093455493 0.976029158
0.000000 -1.609298706 -0.202885628 0.465578079 -0.016900757 0.192680746 0.094852813 0.976520061
0.000000 -1.608531594 -0.201749176 0.462518722 -0.015476211 0.191720977 0.095667325 0.976653159
0.000000 -1.607530951 -0.199934453 0.461208344 -0.013674065 0.189666778 0.097985074 0.976851344
0.000000 -1.601626396 -0.200469494 0.456906199 -0.005784682 0.187236711 0.099979341 0.977196574
0.000000 -1.595875859 -0.199907929 0.453034222 -0.000354187 0.195469022 0.090374641 0.976536870
0.000000 -1.591830254 -0.198103055 0.451389164 0.000187134 0.200671852 0.084080234 0.976043761
0.000000 -1.587937832 -0.196738183 0.449295014 0.000406025 0.205008045 0.078659989 0.975594282
0.000000 -1.585456014 -0.193805441 0.448773712 0.001992206 0.208103344 0.074869961 0.975235164
