0.000000 0.003131377 -0.034132816 -0.018670678 0.005388517 0.014099848 0.020350657 0.999678969
0.000000 0.004858125 -0.077744924 -0.032608476 0.006335111 0.024953913 0.043498248 0.998721778
0.000000 0.008361504 -0.160418957 -0.044391792 -0.000955060 0.044491608 0.076641209 0.996065140
0.000000 0.007928959 -0.180066958 -0.045278516 -0.001630031 0.045891501 0.084146164 0.995394766
0.000000 0.009409198 -0.222563356 -0.043046467 0.005021170 0.049925998 0.096394360 0.994077623
0.000000 0.012685481 -0.274640143 -0.029214524 -0.000267106 0.053075925 0.109563448 0.992561758
0.000000 -0.018747320 -0.322958261 0.007512021 0.000043523 0.085390747 0.112358406 0.989992023
0.000000 0.034989048 -0.351144314 0.027266670 -0.001356723 0.077441990 0.130267918 0.988448858
0.000000 0.050234448 -0.390565366 0.051298469 0.003214044 0.083126329 0.141254306 0.986472011
0.000000 0.051162396 -0.424380302 0.081421971 0.010646565 0.090731777 0.147795901 0.984789729
0.000000 0.060893383 -0.459963650 0.105901159 0.010844666 0.101759471 0.155166924 0.982573509
0.000000 0.071580961 -0.492890030 0.130461618 0.009458426 0.114464618 0.169678584 0.978783727
0.000000 0.084969088 -0.558010459 0.176781416 0.003625232 0.137274519 0.199571446 0.970213294
0.000000 0.086867757 -0.592303157 0.198440403 0.001597660 0.147548974 0.210585937 0.966374874
0.000000 0.099084035 -0.647402823 0.224141255 -0.007334000 0.151965559 0.222917065 0.962891877
0.000000 0.095022708 -0.688434124 0.246982858 -0.012683472 0.150269702 0.224610910 0.962708771
0.000000 0.098695427 -0.775889218 0.305050045 0.016754426 0.152025878 0.224699751 0.962349951
0.000000 0.104493096 -0.811280370 0.333684564 0.026623821 0.151851133 0.225792542 0.961899221
0.000000 0.098619521 -0.834726334 0.362606883 0.029656705 0.157582536 0.219183937 0.962417126
0.000000 0.093480937 -0.882870674 0.407568872 0.010578704 0.152068734 0.226786539 0.961941302
0.000000 0.089920834 -0.912714839 0.431610227 -0.013806514 0.158577234 0.219811574 0.962468445
0.000000 0.080423094 -0.915733218 0.450402617 -0.008301252 0.162951887 0.215027630 0.962881565
0.000000 0.078492403 -0.942523539 0.464435339 -0.002668719 0.162178338 0.216992721 0.962603390
0.000000 0.060299382 -1.013283253 0.509227455 0.012851637 0.202803433 0.284976751 0.936746418
0.000000 0.054985456 -1.030608892 0.516436696 0.007756274 0.210333765 0.284203827 0.935375750
0.000000 0.051629469 -1.039707422 0.518293560 0.004753595 0.213526934 0.280867696 0.935680032
0.000000 0.044438809 -1.052168608 0.529261827 0.004658668 0.217937872 0.277093261 0.935788810
0.000000 0.017149776 -1.082175732 0.539860308 0.009320327 0.230778128 0.268974781 0.935043931
0.000000 -0.005206704 -1.097788215 0.540620625 0.011940226 0.229061484 0.271006972 0.934849501
0.000000 -0.059328929 -1.104355693 0.546180606 -0.001967218 0.214836165 0.286200196 0.933772504
0.000000 -0.102178827 -1.090466142 0.552353382 -0.025891474 0.202040017 0.294112056 0.933813453
0.000000 -0.136648074 -1.092094421 0.553354323 -0.037324607 0.200853169 0.296643883 0.932881236
0.000000 -0.149679124 -1.099349618 0.558007717 -0.031702235 0.204701915 0.294499159 0.932932198
0.000000 -0.161473706 -1.109742165 0.566360652 -0.031807154 0.207481876 0.293331951 0.932682157
0.000000 -0.169535786 -1.115264416 0.586763501 -0.034959890 0.201299965 0.300282240 0.931711733
0.000000 -0.170740068 -1.121887565 0.603176832 -0.032839634 0.203716055 0.299244374 0.931597650
0.000000 -0.156193197 -1.132346272 0.621659458 -0.013465798 0.214888304 0.288298130 0.933019757
0.000000 -0.140214264 -1.155125022 0.647107840 0.031069610 0.225181758 0.280203402 0.932638168
0.000000 -0.142545447 -1.128955722 0.662591875 -0.007627689 0.237898171 0.262452960 0.935128152
0.000000 -0.153042048 -1.121534586 0.673184752 -0.007914444 0.238933951 0.261865884 0.935026348
0.000000 -0.161139593 -1.111950874 0.649517298 -0.003609678 0.221676335 0.272102982 0.936379552
0.000000 -0.204153895 -1.121151924 0.694369733 -0.004726672 0.230106294 0.274854809 0.933532834
0.000000 -0.217758000 -1.121701837 0.699329734 -0.003523064 0.229198381 0.276335955 0.933324218
0.000000 -0.273753107 -1.120922685 0.710191965 -0.009728638 0.228516072 0.276848465 0.933295608
0.000000 -0.351139665 -1.123576999 0.723529220 -0.022473587 0.219785854 0.286380708 0.932295680
0.000000 -0.378478289 -1.131736875 0.729034007 -0.022357427 0.217575043 0.289618701 0.931816638
0.000000 -0.412852615 -1.150544047 0.734983921 -0.026975583 0.214531571 0.294482887 0.930875063
0.000000 -0.426548094 -1.160942197 0.743366361 -0.028077990 0.216893718 0.292285919 0.930987477
0.000000 -0.441219956 -1.195855737 0.758993328 -0.020073794 0.221435353 0.290912777 0.930555344
0.000000 -0.444083184 -1.219632745 0.776461661 -0.010822819 0.222075984 0.291454405 0.930386722
0.000000 -0.441688329 -1.234206438 0.788851321 0.002302472 0.222980738 0.290564150 0.930508852
0.000000 -0.440318912 -1.243735194 0.800525844 0.011578858 0.227023870 0.287876517 0.930297375
0.000000 -0.436793953 -1.245546579 0.802329898 0.011672554 0.227239802 0.287781268 0.930272937
0.000000 -0.437375724 -1.246154666 0.809129477 0.006498534 0.232551545 0.291765362 0.927766442
0.000000 -0.437079251 -1.245882511 0.810126364 0.002476678 0.235322639 0.294928700 0.926085413
0.000000 -0.436096609 -1.241912365 0.810407639 0.000024741 0.237227514 0.298200577 0.924553692
0.000000 -0.436175287 -1.235975504 0.812821865 -0.004045859 0.241927341 0.303834558 0.921487570
0.000000 -0.431429982 -1.212742925 0.811689019 -0.015613050 0.269244343 0.335407168 0.902643800
0.000000 -0.430982232 -1.208895922 0.811916828 -0.017001476 0.273007452 0.342130452 0.898957610
0.000000 -0.426309466 -1.202547431 0.810820401 -0.019316435 0.284377187 0.350125909 0.892282665
0.000000 -0.417945325 -1.198826790 0.810118198 -0.016186029 0.301114380 0.363140851 0.881587684
0.000000 -0.404021680 -1.196626425 0.807343543 -0.001828160 0.327695459 0.375616699 0.866905093
0.000000 -0.399114251 -1.194528818 0.802144170 0.003679275 0.349927157 0.394458801 0.849670351
0.000000 -0.403027415 -1.183290005 0.794662952 -0.008049444 0.361791432 0.418697685 0.832907200
0.000000 -0.415344238 -1.164852262 0.771680713 -0.034729179 0.386142761 0.476858109 0.788856208
0.000000 -0.410569549 -1.170085192 0.762280345 -0.031606223 0.409344971 0.490499228 0.768666625
0.000000 -0.403182507 -1.175132751 0.751968980 -0.020388745 0.435028434 0.505632818 0.744761705
0.000000 -0.400282979 -1.184405088 0.729853630 -0.015973153 0.468274683 0.533663154 0.704036534
0.000000 -0.398678064 -1.193597555 0.707573533 -0.011500541 0.499849588 0.559788764 0.660798490
0.000000 -0.398678064 -1.193597555 0.707573533 -0.011500541 0.499849588 0.559788764 0.660798490
0.000000 -0.398678064 -1.193597555 0.707573533 -0.011500541 0.499849588 0.559788764 0.660798490
0.000000 -0.398678064 -1.193597555 0.707573533 -0.011500541 0.499849588 0.559788764 0.660798490
0.000000 -0.398678064 -1.193597555 0.707573533 -0.011500541 0.499849588 0.559788764 0.660798490
0.000000 -0.398678064 -1.193597555 0.707573533 -0.011500541 0.499849588 0.559788764 0.660798490
0.000000 -0.398678064 -1.193597555 0.707573533 -0.011500541 0.499849588 0.559788764 0.660798490
0.000000 -0.398678064 -1.193597555 0.707573533 -0.011500541 0.499849588 0.559788764 0.660798490
0.000000 -0.398678064 -1.193597555 0.707573533 -0.011500541 0.499849588 0.559788764 0.660798490
0.000000 -0.398678064 -1.193597555 0.707573533 -0.011500541 0.499849588 0.559788764 0.660798490
0.000000 -0.398678064 -1.193597555 0.707573533 -0.011500541 0.499849588 0.559788764 0.660798490
0.000000 -0.398678064 -1.193597555 0.707573533 -0.011500541 0.499849588 0.559788764 0.660798490
0.000000 -0.398678064 -1.193597555 0.707573533 -0.011500541 0.499849588 0.559788764 0.660798490
0.000000 -0.398678064 -1.193597555 0.707573533 -0.011500541 0.499849588 0.559788764 0.660798490
0.000000 -0.398678064 -1.193597555 0.707573533 -0.011500541 0.499849588 0.559788764 0.660798490
0.000000 -0.398678064 -1.193597555 0.707573533 -0.011500541 0.499849588 0.559788764 0.660798490
0.000000 -0.398678064 -1.193597555 0.707573533 -0.011500541 0.499849588 0.559788764 0.660798490
0.000000 -0.398678064 -1.193597555 0.707573533 -0.011500541 0.499849588 0.559788764 0.660798490
0.000000 -0.398678064 -1.193597555 0.707573533 -0.011500541 0.499849588 0.559788764 0.660798490
0.000000 -0.398678064 -1.193597555 0.707573533 -0.011500541 0.499849588 0.559788764 0.660798490
0.000000 -0.398678064 -1.193597555 0.707573533 -0.011500541 0.499849588 0.559788764 0.660798490
0.000000 -0.398678064 -1.193597555 0.707573533 -0.011500541 0.499849588 0.559788764 0.660798490
0.000000 -0.398678064 -1.193597555 0.707573533 -0.011500541 0.499849588 0.559788764 0.660798490
0.000000 -0.398678064 -1.193597555 0.707573533 -0.011500541 0.499849588 0.559788764 0.660798490
0.000000 -0.398678064 -1.193597555 0.707573533 -0.011500541 0.499849588 0.559788764 0.660798490
0.000000 -0.398678064 -1.193597555 0.707573533 -0.011500541 0.499849588 0.559788764 0.660798490
0.000000 -0.398678064 -1.193597555 0.707573533 -0.011500541 0.499849588 0.559788764 0.660798490
0.000000 -0.398678064 -1.193597555 0.707573533 -0.011500541 0.499849588 0.559788764 0.660798490
0.000000 -0.398678064 -1.193597555 0.707573533 -0.011500541 0.499849588 0.559788764 0.660798490
0.000000 -0.398678064 -1.193597555 0.707573533 -0.011500541 0.499849588 0.559788764 0.660798490
0.000000 -0.398678064 -1.193597555 0.707573533 -0.011500541 0.499849588 0.559788764 0.660798490
0.000000 -0.398678064 -1.193597555 0.707573533 -0.011500541 0.499849588 0.559788764 0.660798490
0.000000 -0.398678064 -1.193597555 0.707573533 -0.011500541 0.499849588 0.559788764 0.660798490
0.000000 -0.398678064 -1.193597555 0.707573533 -0.011500541 0.499849588 0.559788764 0.660798490
0.000000 -0.398678064 -1.193597555 0.707573533 -0.011500541 0.499849588 0.559788764 0.660798490
0.000000 -0.398678064 -1.193597555 0.707573533 -0.011500541 0.499849588 0.559788764 0.660798490
0.000000 -0.398678064 -1.193597555 0.707573533 -0.011500541 0.499849588 0.559788764 0.660798490
0.000000 -0.398678064 -1.193597555 0.707573533 -0.011500541 0.499849588 0.559788764 0.660798490
0.000000 -0.398678064 -1.193597555 0.707573533 -0.011500541 0.499849588 0.559788764 0.660798490
0.000000 -0.398678064 -1.193597555 0.707573533 -0.011500541 0.499849588 0.559788764 0.660798490
0.000000 -0.398678064 -1.193597555 0.707573533 -0.011500541 0.499849588 0.559788764 0.660798490
0.000000 -0.398678064 -1.193597555 0.707573533 -0.011500541 0.499849588 0.559788764 0.660798490
0.000000 -0.398678064 -1.193597555 0.707573533 -0.011500541 0.499849588 0.559788764 0.660798490
0.000000 -0.398678064 -1.193597555 0.707573533 -0.011500541 0.499849588 0.559788764 0.660798490
0.000000 -0.398678064 -1.193597555 0.707573533 -0.011500541 0.499849588 0.559788764 0.660798490
0.000000 -0.398678064 -1.193597555 0.707573533 -0.011500541 0.499849588 0.559788764 0.660798490
0.000000 -0.398678064 -1.193597555 0.707573533 -0.011500541 0.499849588 0.559788764 0.660798490
0.000000 -0.398678064 -1.193597555 0.707573533 -0.011500541 0.499849588 0.559788764 0.660798490
0.000000 -0.398678064 -1.193597555 0.707573533 -0.011500541 0.499849588 0.559788764 0.660798490
0.000000 -0.398678064 -1.193597555 0.707573533 -0.011500541 0.499849588 0.559788764 0.660798490
0.000000 -0.398678064 -1.193597555 0.707573533 -0.011500541 0.499849588 0.559788764 0.660798490
0.000000 -0.398678064 -1.193597555 0.707573533 -0.011500541 0.499849588 0.559788764 0.660798490
0.000000 -0.398678064 -1.193597555 0.707573533 -0.011500541 0.499849588 0.559788764 0.660798490
0.000000 -0.398678064 -1.193597555 0.707573533 -0.011500541 0.499849588 0.559788764 0.660798490
0.000000 -0.398678064 -1.193597555 0.707573533 -0.011500541 0.499849588 0.559788764 0.660798490
0.000000 -0.398678064 -1.193597555 0.707573533 -0.011500541 0.499849588 0.559788764 0.660798490
0.000000 -0.398678064 -1.193597555 0.707573533 -0.011500541 0.499849588 0.559788764 0.660798490
0.000000 -0.398678064 -1.193597555 0.707573533 -0.011500541 0.499849588 0.559788764 0.660798490
0.000000 -0.398678064 -1.193597555 0.707573533 -0.011500541 0.499849588 0.559788764 0.660798490
0.000000 -0.398678064 -1.193597555 0.707573533 -0.011500541 0.499849588 0.559788764 0.660798490
0.000000 -0.398678064 -1.193597555 0.707573533 -0.011500541 0.499849588 0.559788764 0.660798490
0.000000 -0.398678064 -1.193597555 0.707573533 -0.011500541 0.499849588 0.559788764 0.660798490
0.000000 -0.398678064 -1.193597555 0.707573533 -0.011500541 0.499849588 0.559788764 0.660798490
0.000000 -0.398678064 -1.193597555 0.707573533 -0.011500541 0.499849588 0.559788764 0.660798490
0.000000 -0.398678064 -1.193597555 0.707573533 -0.011500541 0.499849588 0.559788764 0.660798490
0.000000 -0.398678064 -1.193597555 0.707573533 -0.011500541 0.499849588 0.559788764 0.660798490
0.000000 -0.398678064 -1.193597555 0.707573533 -0.011500541 0.499849588 0.559788764 0.660798490
0.000000 -0.398678064 -1.193597555 0.707573533 -0.011500541 0.499849588 0.559788764 0.660798490
0.000000 -0.398678064 -1.193597555 0.707573533 -0.011500541 0.499849588 0.559788764 0.660798490
0.000000 -0.398678064 -1.193597555 0.707573533 -0.011500541 0.499849588 0.559788764 0.660798490
0.000000 -0.398678064 -1.193597555 0.707573533 -0.011500541 0.499849588 0.559788764 0.660798490
0.000000 -0.398678064 -1.193597555 0.707573533 -0.011500541 0.499849588 0.559788764 0.660798490
0.000000 -0.398678064 -1.193597555 0.707573533 -0.011500541 0.499849588 0.559788764 0.660798490
0.000000 -0.398678064 -1.193597555 0.707573533 -0.011500541 0.499849588 0.559788764 0.660798490
0.000000 -0.398678064 -1.193597555 0.707573533 -0.011500541 0.499849588 0.559788764 0.660798490
0.000000 -0.398678064 -1.193597555 0.707573533 -0.011500541 0.499849588 0.559788764 0.660798490
0.000000 -0.398678064 -1.193597555 0.707573533 -0.011500541 0.499849588 0.559788764 0.660798490
0.000000 -0.398678064 -1.193597555 0.707573533 -0.011500541 0.499849588 0.559788764 0.660798490
0.000000 -0.398678064 -1.193597555 0.707573533 -0.011500541 0.499849588 0.559788764 0.660798490
0.000000 -0.398678064 -1.193597555 0.707573533 -0.011500541 0.499849588 0.559788764 0.660798490
0.000000 -0.398678064 -1.193597555 0.707573533 -0.011500541 0.499849588 0.559788764 0.660798490
0.000000 -0.398678064 -1.193597555 0.707573533 -0.011500541 0.499849588 0.559788764 0.660798490
0.000000 -0.398678064 -1.193597555 0.707573533 -0.011500541 0.499849588 0.559788764 0.660798490
0.000000 -0.398678064 -1.193597555 0.707573533 -0.011500541 0.499849588 0.559788764 0.660798490
0.000000 -0.398678064 -1.193597555 0.707573533 -0.011500541 0.499849588 0.559788764 0.660798490
0.000000 -0.398678064 -1.193597555 0.707573533 -0.011500541 0.499849588 0.559788764 0.660798490
0.000000 -0.398678064 -1.193597555 0.707573533 -0.011500541 0.499849588 0.559788764 0.660798490
0.000000 -0.398678064 -1.193597555 0.707573533 -0.011500541 0.499849588 0.559788764 0.660798490
0.000000 -0.398678064 -1.193597555 0.707573533 -0.011500541 0.499849588 0.559788764 0.660798490
0.000000 -0.398678064 -1.193597555 0.707573533 -0.011500541 0.499849588 0.559788764 0.660798490
0.000000 -0.398678064 -1.193597555 0.707573533 -0.011500541 0.499849588 0.559788764 0.660798490
0.000000 -0.398678064 -1.193597555 0.707573533 -0.011500541 0.499849588 0.559788764 0.660798490
0.000000 -0.398678064 -1.193597555 0.707573533 -0.011500541 0.499849588 0.559788764 0.660798490
0.000000 -0.398678064 -1.193597555 0.707573533 -0.011500541 0.499849588 0.559788764 0.660798490
0.000000 -0.398678064 -1.193597555 0.707573533 -0.011500541 0.499849588 0.559788764 0.660798490
0.000000 -0.398678064 -1.193597555 0.707573533 -0.011500541 0.499849588 0.559788764 0.660798490
0.000000 -0.398678064 -1.193597555 0.707573533 -0.011500541 0.499849588 0.559788764 0.660798490
0.000000 -0.398678064 -1.193597555 0.707573533 -0.011500541 0.499849588 0.559788764 0.660798490
0.000000 -0.398678064 -1.193597555 0.707573533 -0.011500541 0.499849588 0.559788764 0.660798490
0.000000 -0.398678064 -1.193597555 0.707573533 -0.011500541 0.499849588 0.559788764 0.660798490
0.000000 -0.398678064 -1.193597555 0.707573533 -0.011500541 0.499849588 0.559788764 0.660798490
0.000000 -0.398678064 -1.193597555 0.707573533 -0.011500541 0.499849588 0.559788764 0.660798490
0.000000 -0.398678064 -1.193597555 0.707573533 -0.011500541 0.499849588 0.559788764 0.660798490
0.000000 -0.398678064 -1.193597555 0.707573533 -0.011500541 0.499849588 0.559788764 0.660798490
0.000000 -0.398678064 -1.193597555 0.707573533 -0.011500541 0.499849588 0.559788764 0.660798490
0.000000 -0.398678064 -1.193597555 0.707573533 -0.011500541 0.499849588 0.559788764 0.660798490
0.000000 -0.398678064 -1.193597555 0.707573533 -0.011500541 0.499849588 0.559788764 0.660798490
0.000000 -0.398678064 -1.193597555 0.707573533 -0.011500541 0.499849588 0.559788764 0.660798490
0.000000 -0.398678064 -1.193597555 0.707573533 -0.011500541 0.499849588 0.559788764 0.660798490
0.000000 -0.398678064 -1.193597555 0.707573533 -0.011500541 0.499849588 0.559788764 0.660798490
0.000000 -0.398678064 -1.193597555 0.707573533 -0.011500541 0.499849588 0.559788764 0.660798490
0.000000 -0.398678064 -1.193597555 0.707573533 -0.011500541 0.499849588 0.559788764 0.660798490
0.000000 -0.398678064 -1.193597555 0.707573533 -0.011500541 0.499849588 0.559788764 0.660798490
0.000000 -0.398678064 -1.193597555 0.707573533 -0.011500541 0.499849588 0.559788764 0.660798490
0.000000 -0.398678064 -1.193597555 0.707573533 -0.011500541 0.499849588 0.559788764 0.660798490
0.000000 -0.398678064 -1.193597555 0.707573533 -0.011500541 0.499849588 0.559788764 0.660798490
0.000000 -0.398678064 -1.193597555 0.707573533 -0.011500541 0.499849588 0.559788764 0.660798490
0.000000 -0.398678064 -1.193597555 0.707573533 -0.011500541 0.499849588 0.559788764 0.660798490
0.000000 -0.398678064 -1.193597555 0.707573533 -0.011500541 0.499849588 0.559788764 0.660798490
0.000000 -0.398678064 -1.193597555 0.707573533 -0.011500541 0.499849588 0.559788764 0.660798490
0.000000 -0.398678064 -1.193597555 0.707573533 -0.011500541 0.499849588 0.559788764 0.660798490
0.000000 -0.398678064 -1.193597555 0.707573533 -0.011500541 0.499849588 0.559788764 0.660798490
0.000000 -0.398678064 -1.193597555 0.707573533 -0.011500541 0.499849588 0.559788764 0.660798490
0.000000 -0.398678064 -1.193597555 0.707573533 -0.011500541 0.499849588 0.559788764 0.660798490
0.000000 -0.398678064 -1.193597555 0.707573533 -0.011500541 0.499849588 0.559788764 0.660798490
0.000000 -0.398678064 -1.193597555 0.707573533 -0.011500541 0.499849588 0.559788764 0.660798490
0.000000 -0.398678064 -1.193597555 0.707573533 -0.011500541 0.499849588 0.559788764 0.660798490
0.000000 -0.398678064 -1.193597555 0.707573533 -0.011500541 0.499849588 0.559788764 0.660798490
0.000000 -0.398678064 -1.193597555 0.707573533 -0.011500541 0.499849588 0.559788764 0.660798490
0.000000 -0.398678064 -1.193597555 0.707573533 -0.011500541 0.499849588 0.559788764 0.660798490
0.000000 -0.398678064 -1.193597555 0.707573533 -0.011500541 0.499849588 0.559788764 0.660798490
0.000000 -0.398678064 -1.193597555 0.707573533 -0.011500541 0.499849588 0.559788764 0.660798490
0.000000 -0.398678064 -1.193597555 0.707573533 -0.011500541 0.499849588 0.559788764 0.660798490
0.000000 -0.398678064 -1.193597555 0.707573533 -0.011500541 0.499849588 0.559788764 0.660798490
0.000000 -0.398678064 -1.193597555 0.707573533 -0.011500541 0.499849588 0.559788764 0.660798490
0.000000 -0.398678064 -1.193597555 0.707573533 -0.011500541 0.499849588 0.559788764 0.660798490
0.000000 -0.398678064 -1.193597555 0.707573533 -0.011500541 0.499849588 0.559788764 0.660798490
0.000000 -0.398678064 -1.193597555 0.707573533 -0.011500541 0.499849588 0.559788764 0.660798490
0.000000 -0.398678064 -1.193597555 0.707573533 -0.011500541 0.499849588 0.559788764 0.660798490
0.000000 -0.398678064 -1.193597555 0.707573533 -0.011500541 0.499849588 0.559788764 0.660798490
0.000000 -0.398678064 -1.193597555 0.707573533 -0.011500541 0.499849588 0.559788764 0.660798490
0.000000 -0.398678064 -1.193597555 0.707573533 -0.011500541 0.499849588 0.559788764 0.660798490
0.000000 -0.398678064 -1.193597555 0.707573533 -0.011500541 0.499849588 0.559788764 0.660798490
0.000000 -0.398678064 -1.193597555 0.707573533 -0.011500541 0.499849588 0.559788764 0.660798490
0.000000 -0.398678064 -1.193597555 0.707573533 -0.011500541 0.499849588 0.559788764 0.660798490
0.000000 -0.398678064 -1.193597555 0.707573533 -0.011500541 0.499849588 0.559788764 0.660798490
0.000000 -0.398678064 -1.193597555 0.707573533 -0.011500541 0.499849588 0.559788764 0.660798490
0.000000 -0.398678064 -1.193597555 0.707573533 -0.011500541 0.499849588 0.559788764 0.660798490
0.000000 -0.398678064 -1.193597555 0.707573533 -0.011500541 0.499849588 0.559788764 0.660798490
0.000000 -0.398678064 -1.193597555 0.707573533 -0.011500541 0.499849588 0.559788764 0.660798490
0.000000 -0.398678064 -1.193597555 0.707573533 -0.011500541 0.499849588 0.559788764 0.660798490
0.000000 -0.398678064 -1.193597555 0.707573533 -0.011500541 0.499849588 0.559788764 0.660798490
0.000000 -0.398678064 -1.193597555 0.707573533 -0.011500541 0.499849588 0.559788764 0.660798490
0.000000 -0.398678064 -1.193597555 0.707573533 -0.011500541 0.499849588 0.559788764 0.660798490
0.000000 -0.398678064 -1.193597555 0.707573533 -0.011500541 0.499849588 0.559788764 0.660798490
0.000000 -0.398678064 -1.193597555 0.707573533 -0.011500541 0.499849588 0.559788764 0.660798490
0.000000 -0.398678064 -1.193597555 0.707573533 -0.011500541 0.499849588 0.559788764 0.660798490
0.000000 -0.398678064 -1.193597555 0.707573533 -0.011500541 0.499849588 0.559788764 0.660798490
0.000000 -0.398678064 -1.193597555 0.707573533 -0.011500541 0.499849588 0.559788764 0.660798490
0.000000 -0.398678064 -1.193597555 0.707573533 -0.011500541 0.499849588 0.559788764 0.660798490
0.000000 -0.398678064 -1.193597555 0.707573533 -0.011500541 0.499849588 0.559788764 0.660798490
0.000000 -0.398678064 -1.193597555 0.707573533 -0.011500541 0.499849588 0.559788764 0.660798490
0.000000 -0.398678064 -1.193597555 0.707573533 -0.011500541 0.499849588 0.559788764 0.660798490
0.000000 -0.398678064 -1.193597555 0.707573533 -0.011500541 0.499849588 0.559788764 0.660798490
0.000000 -0.398678064 -1.193597555 0.707573533 -0.011500541 0.499849588 0.559788764 0.660798490
0.000000 -0.398678064 -1.193597555 0.707573533 -0.011500541 0.499849588 0.559788764 0.660798490
0.000000 -0.398678064 -1.193597555 0.707573533 -0.011500541 0.499849588 0.559788764 0.660798490
0.000000 -0.398678064 -1.193597555 0.707573533 -0.011500541 0.499849588 0.559788764 0.660798490
0.000000 -0.398678064 -1.193597555 0.707573533 -0.011500541 0.499849588 0.559788764 0.660798490
0.000000 -0.398678064 -1.193597555 0.707573533 -0.011500541 0.499849588 0.559788764 0.660798490
0.000000 -0.398678064 -1.193597555 0.707573533 -0.011500541 0.499849588 0.559788764 0.660798490
0.000000 -0.398678064 -1.193597555 0.707573533 -0.011500541 0.499849588 0.559788764 0.660798490
0.000000 -0.398678064 -1.193597555 0.707573533 -0.011500541 0.499849588 0.559788764 0.660798490
0.000000 -0.398678064 -1.193597555 0.707573533 -0.011500541 0.499849588 0.559788764 0.660798490
0.000000 -0.398678064 -1.193597555 0.707573533 -0.011500541 0.499849588 0.559788764 0.660798490
0.000000 -0.398678064 -1.193597555 0.707573533 -0.011500541 0.499849588 0.559788764 0.660798490
0.000000 -0.398678064 -1.193597555 0.707573533 -0.011500541 0.499849588 0.559788764 0.660798490
0.000000 -0.398678064 -1.193597555 0.707573533 -0.011500541 0.499849588 0.559788764 0.660798490
0.000000 -0.398678064 -1.193597555 0.707573533 -0.011500541 0.499849588 0.559788764 0.660798490
0.000000 -0.398678064 -1.193597555 0.707573533 -0.011500541 0.499849588 0.559788764 0.660798490
0.000000 -0.398678064 -1.193597555 0.707573533 -0.011500541 0.499849588 0.559788764 0.660798490
0.000000 -0.398678064 -1.193597555 0.707573533 -0.011500541 0.499849588 0.559788764 0.660798490
0.000000 -0.398678064 -1.193597555 0.707573533 -0.011500541 0.499849588 0.559788764 0.660798490
0.000000 -0.398678064 -1.193597555 0.707573533 -0.011500541 0.499849588 0.559788764 0.660798490
0.000000 -0.398678064 -1.193597555 0.707573533 -0.011500541 0.499849588 0.559788764 0.660798490
0.000000 -0.398678064 -1.193597555 0.707573533 -0.011500541 0.499849588 0.559788764 0.660798490
0.000000 -0.398678064 -1.193597555 0.707573533 -0.011500541 0.499849588 0.559788764 0.660798490
0.000000 -0.398678064 -1.193597555 0.707573533 -0.011500541 0.499849588 0.559788764 0.660798490
0.000000 -0.398678064 -1.193597555 0.707573533 -0.011500541 0.499849588 0.559788764 0.660798490
0.000000 -0.398678064 -1.193597555 0.707573533 -0.011500541 0.499849588 0.559788764 0.660798490
0.000000 -0.398678064 -1.193597555 0.707573533 -0.011500541 0.499849588 0.559788764 0.660798490
0.000000 -0.398678064 -1.193597555 0.707573533 -0.011500541 0.499849588 0.559788764 0.660798490
0.000000 -0.398678064 -1.193597555 0.707573533 -0.011500541 0.499849588 0.559788764 0.660798490
0.000000 -0.398678064 -1.193597555 0.707573533 -0.011500541 0.499849588 0.559788764 0.660798490
0.000000 -0.398678064 -1.193597555 0.707573533 -0.011500541 0.499849588 0.559788764 0.660798490
0.000000 -0.398678064 -1.193597555 0.707573533 -0.011500541 0.499849588 0.559788764 0.660798490
0.000000 -0.398678064 -1.193597555 0.707573533 -0.011500541 0.499849588 0.559788764 0.660798490
0.000000 -0.398678064 -1.193597555 0.707573533 -0.011500541 0.499849588 0.559788764 0.660798490
0.000000 -0.398678064 -1.193597555 0.707573533 -0.011500541 0.499849588 0.559788764 0.660798490
0.000000 -0.398678064 -1.193597555 0.707573533 -0.011500541 0.499849588 0.559788764 0.660798490
0.000000 -0.398678064 -1.193597555 0.707573533 -0.011500541 0.499849588 0.559788764 0.660798490
0.000000 -0.398678064 -1.193597555 0.707573533 -0.011500541 0.499849588 0.559788764 0.660798490
0.000000 -0.398678064 -1.193597555 0.707573533 -0.011500541 0.499849588 0.559788764 0.660798490
0.000000 -0.398678064 -1.193597555 0.707573533 -0.011500541 0.499849588 0.559788764 0.660798490
0.000000 -0.398678064 -1.193597555 0.707573533 -0.011500541 0.499849588 0.559788764 0.660798490
0.000000 -0.398678064 -1.193597555 0.707573533 -0.011500541 0.499849588 0.559788764 0.660798490
0.000000 -0.398678064 -1.193597555 0.707573533 -0.011500541 0.499849588 0.559788764 0.660798490
0.000000 -0.398678064 -1.193597555 0.707573533 -0.011500541 0.499849588 0.559788764 0.660798490
0.000000 -0.398678064 -1.193597555 0.707573533 -0.011500541 0.499849588 0.559788764 0.660798490
0.000000 -0.398678064 -1.193597555 0.707573533 -0.011500541 0.499849588 0.559788764 0.660798490
0.000000 -0.398678064 -1.193597555 0.707573533 -0.011500541 0.499849588 0.559788764 0.660798490
0.000000 -0.398678064 -1.193597555 0.707573533 -0.011500541 0.499849588 0.559788764 0.660798490
0.000000 -0.398678064 -1.193597555 0.707573533 -0.011500541 0.499849588 0.559788764 0.660798490
0.000000 -0.398678064 -1.193597555 0.707573533 -0.011500541 0.499849588 0.559788764 0.660798490
0.000000 -0.398678064 -1.193597555 0.707573533 -0.011500541 0.499849588 0.559788764 0.660798490
0.000000 -0.398678064 -1.193597555 0.707573533 -0.011500541 0.499849588 0.559788764 0.660798490
0.000000 -0.398678064 -1.193597555 0.707573533 -0.011500541 0.499849588 0.559788764 0.660798490
0.000000 -0.398678064 -1.193597555 0.707573533 -0.011500541 0.499849588 0.559788764 0.660798490
0.000000 -0.398678064 -1.193597555 0.707573533 -0.011500541 0.499849588 0.559788764 0.660798490
0.000000 -0.398678064 -1.193597555 0.707573533 -0.011500541 0.499849588 0.559788764 0.660798490
0.000000 -0.398678064 -1.193597555 0.707573533 -0.011500541 0.499849588 0.559788764 0.660798490
0.000000 -0.398678064 -1.193597555 0.707573533 -0.011500541 0.499849588 0.559788764 0.660798490
0.000000 -0.398678064 -1.193597555 0.707573533 -0.011500541 0.499849588 0.559788764 0.660798490
0.000000 -0.398678064 -1.193597555 0.707573533 -0.011500541 0.499849588 0.559788764 0.660798490
0.000000 -0.398678064 -1.193597555 0.707573533 -0.011500541 0.499849588 0.559788764 0.660798490
0.000000 -0.398678064 -1.193597555 0.707573533 -0.011500541 0.499849588 0.559788764 0.660798490
0.000000 -0.398678064 -1.193597555 0.707573533 -0.011500541 0.499849588 0.559788764 0.660798490
0.000000 -0.398678064 -1.193597555 0.707573533 -0.011500541 0.499849588 0.559788764 0.660798490
0.000000 -0.398678064 -1.193597555 0.707573533 -0.011500541 0.499849588 0.559788764 0.660798490
0.000000 -0.398678064 -1.193597555 0.707573533 -0.011500541 0.499849588 0.559788764 0.660798490
0.000000 -0.398678064 -1.193597555 0.707573533 -0.011500541 0.499849588 0.559788764 0.660798490
0.000000 -0.398678064 -1.193597555 0.707573533 -0.011500541 0.499849588 0.559788764 0.660798490
0.000000 -0.398678064 -1.193597555 0.707573533 -0.011500541 0.499849588 0.559788764 0.660798490
0.000000 -0.398678064 -1.193597555 0.707573533 -0.011500541 0.499849588 0.559788764 0.660798490
0.000000 -0.398678064 -1.193597555 0.707573533 -0.011500541 0.499849588 0.559788764 0.660798490
0.000000 -0.398678064 -1.193597555 0.707573533 -0.011500541 0.499849588 0.559788764 0.660798490
0.000000 -0.398678064 -1.193597555 0.707573533 -0.011500541 0.499849588 0.559788764 0.660798490
0.000000 -0.398678064 -1.193597555 0.707573533 -0.011500541 0.499849588 0.559788764 0.660798490
0.000000 -0.398678064 -1.193597555 0.707573533 -0.011500541 0.499849588 0.559788764 0.660798490
0.000000 -0.398678064 -1.193597555 0.707573533 -0.011500541 0.499849588 0.559788764 0.660798490
0.000000 -0.398678064 -1.193597555 0.707573533 -0.011500541 0.499849588 0.559788764 0.660798490
0.000000 -0.398678064 -1.193597555 0.707573533 -0.011500541 0.499849588 0.559788764 0.660798490
0.000000 -0.398678064 -1.193597555 0.707573533 -0.011500541 0.499849588 0.559788764 0.660798490
0.000000 -0.398678064 -1.193597555 0.707573533 -0.011500541 0.499849588 0.559788764 0.660798490
0.000000 -0.398678064 -1.193597555 0.707573533 -0.011500541 0.499849588 0.559788764 0.660798490
0.000000 -0.398678064 -1.193597555 0.707573533 -0.011500541 0.499849588 0.559788764 0.660798490
0.000000 -0.398678064 -1.193597555 0.707573533 -0.011500541 0.499849588 0.559788764 0.660798490
0.000000 -0.398678064 -1.193597555 0.707573533 -0.011500541 0.499849588 0.559788764 0.660798490
0.000000 -0.398678064 -1.193597555 0.707573533 -0.011500541 0.499849588 0.559788764 0.660798490
0.000000 -0.398678064 -1.193597555 0.707573533 -0.011500541 0.499849588 0.559788764 0.660798490
0.000000 -0.398678064 -1.193597555 0.707573533 -0.011500541 0.499849588 0.559788764 0.660798490
0.000000 -0.398678064 -1.193597555 0.707573533 -0.011500541 0.499849588 0.559788764 0.660798490
0.000000 -0.398678064 -1.193597555 0.707573533 -0.011500541 0.499849588 0.559788764 0.660798490
0.000000 -0.398678064 -1.193597555 0.707573533 -0.011500541 0.499849588 0.559788764 0.660798490
0.000000 -0.398678064 -1.193597555 0.707573533 -0.011500541 0.499849588 0.559788764 0.660798490
0.000000 -0.398678064 -1.193597555 0.707573533 -0.011500541 0.499849588 0.559788764 0.660798490
0.000000 -0.398678064 -1.193597555 0.707573533 -0.011500541 0.499849588 0.559788764 0.660798490
0.000000 -0.398678064 -1.193597555 0.707573533 -0.011500541 0.499849588 0.559788764 0.660798490
0.000000 -0.398678064 -1.193597555 0.707573533 -0.011500541 0.499849588 0.559788764 0.660798490
0.000000 -0.398678064 -1.193597555 0.707573533 -0.011500541 0.499849588 0.559788764 0.660798490
0.000000 -0.398678064 -1.193597555 0.707573533 -0.011500541 0.499849588 0.559788764 0.660798490
0.000000 -0.398678064 -1.193597555 0.707573533 -0.011500541 0.499849588 0.559788764 0.660798490
0.000000 -0.398678064 -1.193597555 0.707573533 -0.011500541 0.499849588 0.559788764 0.660798490
0.000000 -0.398678064 -1.193597555 0.707573533 -0.011500541 0.499849588 0.559788764 0.660798490
0.000000 -0.398678064 -1.193597555 0.707573533 -0.011500541 0.499849588 0.559788764 0.660798490
0.000000 -0.398678064 -1.193597555 0.707573533 -0.011500541 0.499849588 0.559788764 0.660798490
0.000000 -0.398678064 -1.193597555 0.707573533 -0.011500541 0.499849588 0.559788764 0.660798490
0.000000 -0.398678064 -1.193597555 0.707573533 -0.011500541 0.499849588 0.559788764 0.660798490
0.000000 -0.398678064 -1.193597555 0.707573533 -0.011500541 0.499849588 0.559788764 0.660798490
0.000000 -0.398678064 -1.193597555 0.707573533 -0.011500541 0.499849588 0.559788764 0.660798490
0.000000 -0.398678064 -1.193597555 0.707573533 -0.011500541 0.499849588 0.559788764 0.660798490
0.000000 -0.398678064 -1.193597555 0.707573533 -0.011500541 0.499849588 0.559788764 0.660798490
0.000000 -0.398678064 -1.193597555 0.707573533 -0.011500541 0.499849588 0.559788764 0.660798490
0.000000 -0.398678064 -1.193597555 0.707573533 -0.011500541 0.499849588 0.559788764 0.660798490
0.000000 -0.398678064 -1.193597555 0.707573533 -0.011500541 0.499849588 0.559788764 0.660798490
0.000000 -0.398678064 -1.193597555 0.707573533 -0.011500541 0.499849588 0.559788764 0.660798490
0.000000 -0.398678064 -1.193597555 0.707573533 -0.011500541 0.499849588 0.559788764 0.660798490
0.000000 -0.398678064 -1.193597555 0.707573533 -0.011500541 0.499849588 0.559788764 0.660798490
0.000000 -0.398678064 -1.193597555 0.707573533 -0.011500541 0.499849588 0.559788764 0.660798490
0.000000 -0.398678064 -1.193597555 0.707573533 -0.011500541 0.499849588 0.559788764 0.660798490
0.000000 -0.398678064 -1.193597555 0.707573533 -0.011500541 0.499849588 0.559788764 0.660798490
0.000000 -0.398678064 -1.193597555 0.707573533 -0.011500541 0.499849588 0.559788764 0.660798490
0.000000 -0.398678064 -1.193597555 0.707573533 -0.011500541 0.499849588 0.559788764 0.660798490
0.000000 -0.398678064 -1.193597555 0.707573533 -0.011500541 0.499849588 0.559788764 0.660798490
0.000000 -0.398678064 -1.193597555 0.707573533 -0.011500541 0.499849588 0.559788764 0.660798490
0.000000 -0.398678064 -1.193597555 0.707573533 -0.011500541 0.499849588 0.559788764 0.660798490
0.000000 -0.398678064 -1.193597555 0.707573533 -0.011500541 0.499849588 0.559788764 0.660798490
0.000000 -0.398678064 -1.193597555 0.707573533 -0.011500541 0.499849588 0.559788764 0.660798490
0.000000 -0.398678064 -1.193597555 0.707573533 -0.011500541 0.499849588 0.559788764 0.660798490
0.000000 -0.398678064 -1.193597555 0.707573533 -0.011500541 0.499849588 0.559788764 0.660798490
0.000000 -0.398678064 -1.193597555 0.707573533 -0.011500541 0.499849588 0.559788764 0.660798490
0.000000 -0.398678064 -1.193597555 0.707573533 -0.011500541 0.499849588 0.559788764 0.660798490
0.000000 -0.398678064 -1.193597555 0.707573533 -0.011500541 0.499849588 0.559788764 0.660798490
0.000000 -0.398678064 -1.193597555 0.707573533 -0.011500541 0.499849588 0.559788764 0.660798490
0.000000 -0.398678064 -1.193597555 0.707573533 -0.011500541 0.499849588 0.559788764 0.660798490
0.000000 -0.398678064 -1.193597555 0.707573533 -0.011500541 0.499849588 0.559788764 0.660798490
0.000000 -0.398678064 -1.193597555 0.707573533 -0.011500541 0.499849588 0.559788764 0.660798490
0.000000 -0.398678064 -1.193597555 0.707573533 -0.011500541 0.499849588 0.559788764 0.660798490
0.000000 -0.398678064 -1.193597555 0.707573533 -0.011500541 0.499849588 0.559788764 0.660798490
0.000000 -0.398678064 -1.193597555 0.707573533 -0.011500541 0.499849588 0.559788764 0.660798490
0.000000 -0.398678064 -1.193597555 0.707573533 -0.011500541 0.499849588 0.559788764 0.660798490
0.000000 -0.398678064 -1.193597555 0.707573533 -0.011500541 0.499849588 0.559788764 0.660798490
0.000000 -0.398678064 -1.193597555 0.707573533 -0.011500541 0.499849588 0.559788764 0.660798490
0.000000 -0.398678064 -1.193597555 0.707573533 -0.011500541 0.499849588 0.559788764 0.660798490
0.000000 -0.398678064 -1.193597555 0.707573533 -0.011500541 0.499849588 0.559788764 0.660798490
0.000000 -0.398678064 -1.193597555 0.707573533 -0.011500541 0.499849588 0.559788764 0.660798490
0.000000 -0.398678064 -1.193597555 0.707573533 -0.011500541 0.499849588 0.559788764 0.660798490
0.000000 -0.398678064 -1.193597555 0.707573533 -0.011500541 0.499849588 0.559788764 0.660798490
0.000000 -0.398678064 -1.193597555 0.707573533 -0.011500541 0.499849588 0.559788764 0.660798490
0.000000 -0.398678064 -1.193597555 0.707573533 -0.011500541 0.499849588 0.559788764 0.660798490
0.000000 -0.398678064 -1.193597555 0.707573533 -0.011500541 0.499849588 0.559788764 0.660798490
0.000000 -0.398678064 -1.193597555 0.707573533 -0.011500541 0.499849588 0.559788764 0.660798490
0.000000 -0.398678064 -1.193597555 0.707573533 -0.011500541 0.499849588 0.559788764 0.660798490
0.000000 -0.398678064 -1.193597555 0.707573533 -0.011500541 0.499849588 0.559788764 0.660798490
0.000000 -0.398678064 -1.193597555 0.707573533 -0.011500541 0.499849588 0.559788764 0.660798490
0.000000 -0.398678064 -1.193597555 0.707573533 -0.011500541 0.499849588 0.559788764 0.660798490
0.000000 -0.398678064 -1.193597555 0.707573533 -0.011500541 0.499849588 0.559788764 0.660798490
0.000000 -0.398678064 -1.193597555 0.707573533 -0.011500541 0.499849588 0.559788764 0.660798490
0.000000 -0.398678064 -1.193597555 0.707573533 -0.011500541 0.499849588 0.559788764 0.660798490
0.000000 -0.398678064 -1.193597555 0.707573533 -0.011500541 0.499849588 0.559788764 0.660798490
0.000000 -0.398678064 -1.193597555 0.707573533 -0.011500541 0.499849588 0.559788764 0.660798490
0.000000 -0.398678064 -1.193597555 0.707573533 -0.011500541 0.499849588 0.559788764 0.660798490
0.000000 -0.398678064 -1.193597555 0.707573533 -0.011500541 0.499849588 0.559788764 0.660798490
0.000000 -0.398678064 -1.193597555 0.707573533 -0.011500541 0.499849588 0.559788764 0.660798490
0.000000 -0.398678064 -1.193597555 0.707573533 -0.011500541 0.499849588 0.559788764 0.660798490
0.000000 -0.398678064 -1.193597555 0.707573533 -0.011500541 0.499849588 0.559788764 0.660798490
0.000000 -0.398678064 -1.193597555 0.707573533 -0.011500541 0.499849588 0.559788764 0.660798490
0.000000 -0.398678064 -1.193597555 0.707573533 -0.011500541 0.499849588 0.559788764 0.660798490
0.000000 -0.398678064 -1.193597555 0.707573533 -0.011500541 0.499849588 0.559788764 0.660798490
0.000000 -0.398678064 -1.193597555 0.707573533 -0.011500541 0.499849588 0.559788764 0.660798490
0.000000 -0.398678064 -1.193597555 0.707573533 -0.011500541 0.499849588 0.559788764 0.660798490
0.000000 -0.398678064 -1.193597555 0.707573533 -0.011500541 0.499849588 0.559788764 0.660798490
0.000000 -0.398678064 -1.193597555 0.707573533 -0.011500541 0.499849588 0.559788764 0.660798490
0.000000 -0.398678064 -1.193597555 0.707573533 -0.011500541 0.499849588 0.559788764 0.660798490
0.000000 -0.398678064 -1.193597555 0.707573533 -0.011500541 0.499849588 0.559788764 0.660798490
0.000000 -0.398678064 -1.193597555 0.707573533 -0.011500541 0.499849588 0.559788764 0.660798490
0.000000 -0.398678064 -1.193597555 0.707573533 -0.011500541 0.499849588 0.559788764 0.660798490
0.000000 -0.398678064 -1.193597555 0.707573533 -0.011500541 0.499849588 0.559788764 0.660798490
0.000000 -0.398678064 -1.193597555 0.707573533 -0.011500541 0.499849588 0.559788764 0.660798490
0.000000 -0.398678064 -1.193597555 0.707573533 -0.011500541 0.499849588 0.559788764 0.660798490
0.000000 -0.398678064 -1.193597555 0.707573533 -0.011500541 0.499849588 0.559788764 0.660798490
0.000000 -0.398678064 -1.193597555 0.707573533 -0.011500541 0.499849588 0.559788764 0.660798490
0.000000 -0.398678064 -1.193597555 0.707573533 -0.011500541 0.499849588 0.559788764 0.660798490
0.000000 -0.398678064 -1.193597555 0.707573533 -0.011500541 0.499849588 0.559788764 0.660798490
0.000000 -0.398678064 -1.193597555 0.707573533 -0.011500541 0.499849588 0.559788764 0.660798490
0.000000 -0.398678064 -1.193597555 0.707573533 -0.011500541 0.499849588 0.559788764 0.660798490
0.000000 -0.398678064 -1.193597555 0.707573533 -0.011500541 0.499849588 0.559788764 0.660798490
0.000000 -0.398678064 -1.193597555 0.707573533 -0.011500541 0.499849588 0.559788764 0.660798490
0.000000 -0.398678064 -1.193597555 0.707573533 -0.011500541 0.499849588 0.559788764 0.660798490
0.000000 -0.398678064 -1.193597555 0.707573533 -0.011500541 0.499849588 0.559788764 0.660798490
0.000000 -0.398678064 -1.193597555 0.707573533 -0.011500541 0.499849588 0.559788764 0.660798490
0.000000 -0.398678064 -1.193597555 0.707573533 -0.011500541 0.499849588 0.559788764 0.660798490
0.000000 -0.398678064 -1.193597555 0.707573533 -0.011500541 0.499849588 0.559788764 0.660798490
0.000000 -0.398678064 -1.193597555 0.707573533 -0.011500541 0.499849588 0.559788764 0.660798490
0.000000 -0.398678064 -1.193597555 0.707573533 -0.011500541 0.499849588 0.559788764 0.660798490
0.000000 -0.398678064 -1.193597555 0.707573533 -0.011500541 0.499849588 0.559788764 0.660798490
0.000000 -0.398678064 -1.193597555 0.707573533 -0.011500541 0.499849588 0.559788764 0.660798490
0.000000 -0.398678064 -1.193597555 0.707573533 -0.011500541 0.499849588 0.559788764 0.660798490
0.000000 -0.398678064 -1.193597555 0.707573533 -0.011500541 0.499849588 0.559788764 0.660798490
0.000000 -0.398678064 -1.193597555 0.707573533 -0.011500541 0.499849588 0.559788764 0.660798490
0.000000 -0.398678064 -1.193597555 0.707573533 -0.011500541 0.499849588 0.559788764 0.660798490
0.000000 -0.398678064 -1.193597555 0.707573533 -0.011500541 0.499849588 0.559788764 0.660798490
0.000000 -0.398678064 -1.193597555 0.707573533 -0.011500541 0.499849588 0.559788764 0.660798490
0.000000 -0.398678064 -1.193597555 0.707573533 -0.011500541 0.499849588 0.559788764 0.660798490
0.000000 -0.398678064 -1.193597555 0.707573533 -0.011500541 0.499849588 0.559788764 0.660798490
0.000000 -0.398678064 -1.193597555 0.707573533 -0.011500541 0.499849588 0.559788764 0.660798490
0.000000 -0.398678064 -1.193597555 0.707573533 -0.011500541 0.499849588 0.559788764 0.660798490
0.000000 -0.398678064 -1.193597555 0.707573533 -0.011500541 0.499849588 0.559788764 0.660798490
0.000000 -0.398678064 -1.193597555 0.707573533 -0.011500541 0.499849588 0.559788764 0.660798490
0.000000 -0.398678064 -1.193597555 0.707573533 -0.011500541 0.499849588 0.559788764 0.660798490
0.000000 -0.398678064 -1.193597555 0.707573533 -0.011500541 0.499849588 0.559788764 0.660798490
0.000000 -0.398678064 -1.193597555 0.707573533 -0.011500541 0.499849588 0.559788764 0.660798490
0.000000 -0.398678064 -1.193597555 0.707573533 -0.011500541 0.499849588 0.559788764 0.660798490
0.000000 -0.398678064 -1.193597555 0.707573533 -0.011500541 0.499849588 0.559788764 0.660798490
0.000000 -0.398678064 -1.193597555 0.707573533 -0.011500541 0.499849588 0.559788764 0.660798490
0.000000 -0.398678064 -1.193597555 0.707573533 -0.011500541 0.499849588 0.559788764 0.660798490
0.000000 -0.398678064 -1.193597555 0.707573533 -0.011500541 0.499849588 0.559788764 0.660798490
0.000000 -0.398678064 -1.193597555 0.707573533 -0.011500541 0.499849588 0.559788764 0.660798490
0.000000 -0.398678064 -1.193597555 0.707573533 -0.011500541 0.499849588 0.559788764 0.660798490
0.000000 -0.398678064 -1.193597555 0.707573533 -0.011500541 0.499849588 0.559788764 0.660798490
0.000000 -0.398678064 -1.193597555 0.707573533 -0.011500541 0.499849588 0.559788764 0.660798490
0.000000 -0.398678064 -1.193597555 0.707573533 -0.011500541 0.499849588 0.559788764 0.660798490
0.000000 -0.398678064 -1.193597555 0.707573533 -0.011500541 0.499849588 0.559788764 0.660798490
0.000000 -0.398678064 -1.193597555 0.707573533 -0.011500541 0.499849588 0.559788764 0.660798490
0.000000 -0.398678064 -1.193597555 0.707573533 -0.011500541 0.499849588 0.559788764 0.660798490
0.000000 -0.398678064 -1.193597555 0.707573533 -0.011500541 0.499849588 0.559788764 0.660798490
0.000000 -0.398678064 -1.193597555 0.707573533 -0.011500541 0.499849588 0.559788764 0.660798490
0.000000 -0.398678064 -1.193597555 0.707573533 -0.011500541 0.499849588 0.559788764 0.660798490
0.000000 -0.398678064 -1.193597555 0.707573533 -0.011500541 0.499849588 0.559788764 0.660798490
0.000000 -0.398678064 -1.193597555 0.707573533 -0.011500541 0.499849588 0.559788764 0.660798490
0.000000 -0.398678064 -1.193597555 0.707573533 -0.011500541 0.499849588 0.559788764 0.660798490
0.000000 -0.398678064 -1.193597555 0.707573533 -0.011500541 0.499849588 0.559788764 0.660798490
0.000000 -0.398678064 -1.193597555 0.707573533 -0.011500541 0.499849588 0.559788764 0.660798490
0.000000 -0.398678064 -1.193597555 0.707573533 -0.011500541 0.499849588 0.559788764 0.660798490
0.000000 -0.398678064 -1.193597555 0.707573533 -0.011500541 0.499849588 0.559788764 0.660798490
0.000000 -0.398678064 -1.193597555 0.707573533 -0.011500541 0.499849588 0.559788764 0.660798490
0.000000 -0.398678064 -1.193597555 0.707573533 -0.011500541 0.499849588 0.559788764 0.660798490
0.000000 -0.398678064 -1.193597555 0.707573533 -0.011500541 0.499849588 0.559788764 0.660798490
0.000000 -0.398678064 -1.193597555 0.707573533 -0.011500541 0.499849588 0.559788764 0.660798490
0.000000 -0.398678064 -1.193597555 0.707573533 -0.011500541 0.499849588 0.559788764 0.660798490
0.000000 -0.398678064 -1.193597555 0.707573533 -0.011500541 0.499849588 0.559788764 0.660798490
0.000000 -0.398678064 -1.193597555 0.707573533 -0.011500541 0.499849588 0.559788764 0.660798490
0.000000 -0.398678064 -1.193597555 0.707573533 -0.011500541 0.499849588 0.559788764 0.660798490
0.000000 -0.398678064 -1.193597555 0.707573533 -0.011500541 0.499849588 0.559788764 0.660798490
0.000000 -0.398678064 -1.193597555 0.707573533 -0.011500541 0.499849588 0.559788764 0.660798490
0.000000 -0.398678064 -1.193597555 0.707573533 -0.011500541 0.499849588 0.559788764 0.660798490
0.000000 -0.398678064 -1.193597555 0.707573533 -0.011500541 0.499849588 0.559788764 0.660798490
0.000000 -0.398678064 -1.193597555 0.707573533 -0.011500541 0.499849588 0.559788764 0.660798490
0.000000 -0.398678064 -1.193597555 0.707573533 -0.011500541 0.499849588 0.559788764 0.660798490
0.000000 -0.398678064 -1.193597555 0.707573533 -0.011500541 0.499849588 0.559788764 0.660798490
0.000000 -0.398678064 -1.193597555 0.707573533 -0.011500541 0.499849588 0.559788764 0.660798490
0.000000 -0.398678064 -1.193597555 0.707573533 -0.011500541 0.499849588 0.559788764 0.660798490
0.000000 -0.398678064 -1.193597555 0.707573533 -0.011500541 0.499849588 0.559788764 0.660798490
0.000000 -0.398678064 -1.193597555 0.707573533 -0.011500541 0.499849588 0.559788764 0.660798490
0.000000 -0.398678064 -1.193597555 0.707573533 -0.011500541 0.499849588 0.559788764 0.660798490
0.000000 -0.398678064 -1.193597555 0.707573533 -0.011500541 0.499849588 0.559788764 0.660798490
0.000000 -0.398678064 -1.193597555 0.707573533 -0.011500541 0.499849588 0.559788764 0.660798490
0.000000 -0.398678064 -1.193597555 0.707573533 -0.011500541 0.499849588 0.559788764 0.660798490
0.000000 -0.398678064 -1.193597555 0.707573533 -0.011500541 0.499849588 0.559788764 0.660798490
0.000000 -0.398678064 -1.193597555 0.707573533 -0.011500541 0.499849588 0.559788764 0.660798490
0.000000 -0.398678064 -1.193597555 0.707573533 -0.011500541 0.499849588 0.559788764 0.660798490
0.000000 -0.398678064 -1.193597555 0.707573533 -0.011500541 0.499849588 0.559788764 0.660798490
0.000000 -0.398678064 -1.193597555 0.707573533 -0.011500541 0.499849588 0.559788764 0.660798490
0.000000 -0.398678064 -1.193597555 0.707573533 -0.011500541 0.499849588 0.559788764 0.660798490
0.000000 -0.398678064 -1.193597555 0.707573533 -0.011500541 0.499849588 0.559788764 0.660798490
0.000000 -0.398678064 -1.193597555 0.707573533 -0.011500541 0.499849588 0.559788764 0.660798490
0.000000 -0.398678064 -1.193597555 0.707573533 -0.011500541 0.499849588 0.559788764 0.660798490
0.000000 -0.398678064 -1.193597555 0.707573533 -0.011500541 0.499849588 0.559788764 0.660798490
0.000000 -0.398678064 -1.193597555 0.707573533 -0.011500541 0.499849588 0.559788764 0.660798490
0.000000 -0.398678064 -1.193597555 0.707573533 -0.011500541 0.499849588 0.559788764 0.660798490
0.000000 -0.398678064 -1.193597555 0.707573533 -0.011500541 0.499849588 0.559788764 0.660798490
0.000000 -0.398678064 -1.193597555 0.707573533 -0.011500541 0.499849588 0.559788764 0.660798490
0.000000 -0.398678064 -1.193597555 0.707573533 -0.011500541 0.499849588 0.559788764 0.660798490
0.000000 -0.398678064 -1.193597555 0.707573533 -0.011500541 0.499849588 0.559788764 0.660798490
0.000000 -0.398678064 -1.193597555 0.707573533 -0.011500541 0.499849588 0.559788764 0.660798490
0.000000 -0.398678064 -1.193597555 0.707573533 -0.011500541 0.499849588 0.559788764 0.660798490
0.000000 -0.398678064 -1.193597555 0.707573533 -0.011500541 0.499849588 0.559788764 0.660798490
0.000000 -0.398678064 -1.193597555 0.707573533 -0.011500541 0.499849588 0.559788764 0.660798490
0.000000 -0.398678064 -1.193597555 0.707573533 -0.011500541 0.499849588 0.559788764 0.660798490
0.000000 -0.398678064 -1.193597555 0.707573533 -0.011500541 0.499849588 0.559788764 0.660798490
0.000000 -0.398678064 -1.193597555 0.707573533 -0.011500541 0.499849588 0.559788764 0.660798490
0.000000 -0.398678064 -1.193597555 0.707573533 -0.011500541 0.499849588 0.559788764 0.660798490
0.000000 -0.398678064 -1.193597555 0.707573533 -0.011500541 0.499849588 0.559788764 0.660798490
0.000000 -0.398678064 -1.193597555 0.707573533 -0.011500541 0.499849588 0.559788764 0.660798490
0.000000 -0.398678064 -1.193597555 0.707573533 -0.011500541 0.499849588 0.559788764 0.660798490
0.000000 -0.398678064 -1.193597555 0.707573533 -0.011500541 0.499849588 0.559788764 0.660798490
0.000000 -0.398678064 -1.193597555 0.707573533 -0.011500541 0.499849588 0.559788764 0.660798490
0.000000 -0.398678064 -1.193597555 0.707573533 -0.011500541 0.499849588 0.559788764 0.660798490
0.000000 -0.398678064 -1.193597555 0.707573533 -0.011500541 0.499849588 0.559788764 0.660798490
0.000000 -0.398678064 -1.193597555 0.707573533 -0.011500541 0.499849588 0.559788764 0.660798490
0.000000 -0.398678064 -1.193597555 0.707573533 -0.011500541 0.499849588 0.559788764 0.660798490
0.000000 -0.398678064 -1.193597555 0.707573533 -0.011500541 0.499849588 0.559788764 0.660798490
0.000000 -0.398678064 -1.193597555 0.707573533 -0.011500541 0.499849588 0.559788764 0.660798490
0.000000 -0.398678064 -1.193597555 0.707573533 -0.011500541 0.499849588 0.559788764 0.660798490
0.000000 -0.398678064 -1.193597555 0.707573533 -0.011500541 0.499849588 0.559788764 0.660798490
0.000000 -0.398678064 -1.193597555 0.707573533 -0.011500541 0.499849588 0.559788764 0.660798490
0.000000 -0.398678064 -1.193597555 0.707573533 -0.011500541 0.499849588 0.559788764 0.660798490
0.000000 -0.398678064 -1.193597555 0.707573533 -0.011500541 0.499849588 0.559788764 0.660798490
0.000000 -0.398678064 -1.193597555 0.707573533 -0.011500541 0.499849588 0.559788764 0.660798490
0.000000 -0.398678064 -1.193597555 0.707573533 -0.011500541 0.499849588 0.559788764 0.660798490
0.000000 -0.398678064 -1.193597555 0.707573533 -0.011500541 0.499849588 0.559788764 0.660798490
0.000000 -0.398678064 -1.193597555 0.707573533 -0.011500541 0.499849588 0.559788764 0.660798490
0.000000 -0.398678064 -1.193597555 0.707573533 -0.011500541 0.499849588 0.559788764 0.660798490
0.000000 -0.398678064 -1.193597555 0.707573533 -0.011500541 0.499849588 0.559788764 0.660798490
0.000000 -0.398678064 -1.193597555 0.707573533 -0.011500541 0.499849588 0.559788764 0.660798490
0.000000 -0.398678064 -1.193597555 0.707573533 -0.011500541 0.499849588 0.559788764 0.660798490
0.000000 -0.398678064 -1.193597555 0.707573533 -0.011500541 0.499849588 0.559788764 0.660798490
0.000000 -0.398678064 -1.193597555 0.707573533 -0.011500541 0.499849588 0.559788764 0.660798490
0.000000 -0.398678064 -1.193597555 0.707573533 -0.011500541 0.499849588 0.559788764 0.660798490
0.000000 -0.398678064 -1.193597555 0.707573533 -0.011500541 0.499849588 0.559788764 0.660798490
0.000000 -0.398678064 -1.193597555 0.707573533 -0.011500541 0.499849588 0.559788764 0.660798490
0.000000 -0.398678064 -1.193597555 0.707573533 -0.011500541 0.499849588 0.559788764 0.660798490
0.000000 -0.398678064 -1.193597555 0.707573533 -0.011500541 0.499849588 0.559788764 0.660798490
0.000000 -0.398678064 -1.193597555 0.707573533 -0.011500541 0.499849588 0.559788764 0.660798490
0.000000 -0.398678064 -1.193597555 0.707573533 -0.011500541 0.499849588 0.559788764 0.660798490
0.000000 -0.398678064 -1.193597555 0.707573533 -0.011500541 0.499849588 0.559788764 0.660798490
0.000000 -0.398678064 -1.193597555 0.707573533 -0.011500541 0.499849588 0.559788764 0.660798490
0.000000 -0.398678064 -1.193597555 0.707573533 -0.011500541 0.499849588 0.559788764 0.660798490
0.000000 -0.398678064 -1.193597555 0.707573533 -0.011500541 0.499849588 0.559788764 0.660798490
0.000000 -0.398678064 -1.193597555 0.707573533 -0.011500541 0.499849588 0.559788764 0.660798490
0.000000 -0.398678064 -1.193597555 0.707573533 -0.011500541 0.499849588 0.559788764 0.660798490
0.000000 -0.398678064 -1.193597555 0.707573533 -0.011500541 0.499849588 0.559788764 0.660798490
0.000000 -0.398678064 -1.193597555 0.707573533 -0.011500541 0.499849588 0.559788764 0.660798490
0.000000 -0.398678064 -1.193597555 0.707573533 -0.011500541 0.499849588 0.559788764 0.660798490
0.000000 -0.398678064 -1.193597555 0.707573533 -0.011500541 0.499849588 0.559788764 0.660798490
0.000000 -0.398678064 -1.193597555 0.707573533 -0.011500541 0.499849588 0.559788764 0.660798490
0.000000 -0.398678064 -1.193597555 0.707573533 -0.011500541 0.499849588 0.559788764 0.660798490
0.000000 -0.398678064 -1.193597555 0.707573533 -0.011500541 0.499849588 0.559788764 0.660798490
0.000000 -0.398678064 -1.193597555 0.707573533 -0.011500541 0.499849588 0.559788764 0.660798490
0.000000 -0.398678064 -1.193597555 0.707573533 -0.011500541 0.499849588 0.559788764 0.660798490
0.000000 -0.398678064 -1.193597555 0.707573533 -0.011500541 0.499849588 0.559788764 0.660798490
0.000000 -0.398678064 -1.193597555 0.707573533 -0.011500541 0.499849588 0.559788764 0.660798490
0.000000 -0.398678064 -1.193597555 0.707573533 -0.011500541 0.499849588 0.559788764 0.660798490
0.000000 -0.398678064 -1.193597555 0.707573533 -0.011500541 0.499849588 0.559788764 0.660798490
0.000000 -0.398678064 -1.193597555 0.707573533 -0.011500541 0.499849588 0.559788764 0.660798490
0.000000 -0.398678064 -1.193597555 0.707573533 -0.011500541 0.499849588 0.559788764 0.660798490
0.000000 -0.398678064 -1.193597555 0.707573533 -0.011500541 0.499849588 0.559788764 0.660798490
0.000000 -0.398678064 -1.193597555 0.707573533 -0.011500541 0.499849588 0.559788764 0.660798490
0.000000 -0.398678064 -1.193597555 0.707573533 -0.011500541 0.499849588 0.559788764 0.660798490
0.000000 -0.398678064 -1.193597555 0.707573533 -0.011500541 0.499849588 0.559788764 0.660798490
0.000000 -0.398678064 -1.193597555 0.707573533 -0.011500541 0.499849588 0.559788764 0.660798490
0.000000 -0.398678064 -1.193597555 0.707573533 -0.011500541 0.499849588 0.559788764 0.660798490
0.000000 -0.398678064 -1.193597555 0.707573533 -0.011500541 0.499849588 0.559788764 0.660798490
0.000000 -0.398678064 -1.193597555 0.707573533 -0.011500541 0.499849588 0.559788764 0.660798490
0.000000 -0.398678064 -1.193597555 0.707573533 -0.011500541 0.499849588 0.559788764 0.660798490
0.000000 -0.398678064 -1.193597555 0.707573533 -0.011500541 0.499849588 0.559788764 0.660798490
0.000000 -0.398678064 -1.193597555 0.707573533 -0.011500541 0.499849588 0.559788764 0.660798490
0.000000 -0.398678064 -1.193597555 0.707573533 -0.011500541 0.499849588 0.559788764 0.660798490
0.000000 -0.398678064 -1.193597555 0.707573533 -0.011500541 0.499849588 0.559788764 0.660798490
0.000000 -0.398678064 -1.193597555 0.707573533 -0.011500541 0.499849588 0.559788764 0.660798490
0.000000 -0.398678064 -1.193597555 0.707573533 -0.011500541 0.499849588 0.559788764 0.660798490
0.000000 -0.398678064 -1.193597555 0.707573533 -0.011500541 0.499849588 0.559788764 0.660798490
0.000000 -0.398678064 -1.193597555 0.707573533 -0.011500541 0.499849588 0.559788764 0.660798490
0.000000 -0.398678064 -1.193597555 0.707573533 -0.011500541 0.499849588 0.559788764 0.660798490
0.000000 -0.398678064 -1.193597555 0.707573533 -0.011500541 0.499849588 0.559788764 0.660798490
0.000000 -0.398678064 -1.193597555 0.707573533 -0.011500541 0.499849588 0.559788764 0.660798490
0.000000 -0.398678064 -1.193597555 0.707573533 -0.011500541 0.499849588 0.559788764 0.660798490
0.000000 -0.398678064 -1.193597555 0.707573533 -0.011500541 0.499849588 0.559788764 0.660798490
0.000000 -0.398678064 -1.193597555 0.707573533 -0.011500541 0.499849588 0.559788764 0.660798490
0.000000 -0.398678064 -1.193597555 0.707573533 -0.011500541 0.499849588 0.559788764 0.660798490
0.000000 -0.398678064 -1.193597555 0.707573533 -0.011500541 0.499849588 0.559788764 0.660798490
0.000000 -0.398678064 -1.193597555 0.707573533 -0.011500541 0.499849588 0.559788764 0.660798490
0.000000 -0.398678064 -1.193597555 0.707573533 -0.011500541 0.499849588 0.559788764 0.660798490
0.000000 -0.398678064 -1.193597555 0.707573533 -0.011500541 0.499849588 0.559788764 0.660798490
0.000000 -0.398678064 -1.193597555 0.707573533 -0.011500541 0.499849588 0.559788764 0.660798490
0.000000 -0.398678064 -1.193597555 0.707573533 -0.011500541 0.499849588 0.559788764 0.660798490
0.000000 -0.398678064 -1.193597555 0.707573533 -0.011500541 0.499849588 0.559788764 0.660798490
0.000000 -0.398678064 -1.193597555 0.707573533 -0.011500541 0.499849588 0.559788764 0.660798490
0.000000 -0.398678064 -1.193597555 0.707573533 -0.011500541 0.499849588 0.559788764 0.660798490
0.000000 -0.398678064 -1.193597555 0.707573533 -0.011500541 0.499849588 0.559788764 0.660798490
0.000000 -0.398678064 -1.193597555 0.707573533 -0.011500541 0.499849588 0.559788764 0.660798490
0.000000 -0.398678064 -1.193597555 0.707573533 -0.011500541 0.499849588 0.559788764 0.660798490
0.000000 -0.398678064 -1.193597555 0.707573533 -0.011500541 0.499849588 0.559788764 0.660798490
0.000000 -0.398678064 -1.193597555 0.707573533 -0.011500541 0.499849588 0.559788764 0.660798490
0.000000 -0.398678064 -1.193597555 0.707573533 -0.011500541 0.499849588 0.559788764 0.660798490
0.000000 -0.398678064 -1.193597555 0.707573533 -0.011500541 0.499849588 0.559788764 0.660798490
0.000000 -0.398678064 -1.193597555 0.707573533 -0.011500541 0.499849588 0.559788764 0.660798490
0.000000 -0.398678064 -1.193597555 0.707573533 -0.011500541 0.499849588 0.559788764 0.660798490
0.000000 -0.398678064 -1.193597555 0.707573533 -0.011500541 0.499849588 0.559788764 0.660798490
0.000000 -0.398678064 -1.193597555 0.707573533 -0.011500541 0.499849588 0.559788764 0.660798490
0.000000 -0.398678064 -1.193597555 0.707573533 -0.011500541 0.499849588 0.559788764 0.660798490
0.000000 -0.398678064 -1.193597555 0.707573533 -0.011500541 0.499849588 0.559788764 0.660798490
0.000000 -0.398678064 -1.193597555 0.707573533 -0.011500541 0.499849588 0.559788764 0.660798490
0.000000 -0.398678064 -1.193597555 0.707573533 -0.011500541 0.499849588 0.559788764 0.660798490
0.000000 -0.398678064 -1.193597555 0.707573533 -0.011500541 0.499849588 0.559788764 0.660798490
0.000000 -0.398678064 -1.193597555 0.707573533 -0.011500541 0.499849588 0.559788764 0.660798490
0.000000 -0.398678064 -1.193597555 0.707573533 -0.011500541 0.499849588 0.559788764 0.660798490
0.000000 -0.398678064 -1.193597555 0.707573533 -0.011500541 0.499849588 0.559788764 0.660798490
0.000000 -0.398678064 -1.193597555 0.707573533 -0.011500541 0.499849588 0.559788764 0.660798490
0.000000 -0.398678064 -1.193597555 0.707573533 -0.011500541 0.499849588 0.559788764 0.660798490
0.000000 -0.398678064 -1.193597555 0.707573533 -0.011500541 0.499849588 0.559788764 0.660798490
0.000000 -0.398678064 -1.193597555 0.707573533 -0.011500541 0.499849588 0.559788764 0.660798490
0.000000 -0.398678064 -1.193597555 0.707573533 -0.011500541 0.499849588 0.559788764 0.660798490
0.000000 -0.398678064 -1.193597555 0.707573533 -0.011500541 0.499849588 0.559788764 0.660798490
0.000000 -0.398678064 -1.193597555 0.707573533 -0.011500541 0.499849588 0.559788764 0.660798490
0.000000 -0.398678064 -1.193597555 0.707573533 -0.011500541 0.499849588 0.559788764 0.660798490
0.000000 -0.398678064 -1.193597555 0.707573533 -0.011500541 0.499849588 0.559788764 0.660798490
0.000000 -0.398678064 -1.193597555 0.707573533 -0.011500541 0.499849588 0.559788764 0.660798490
0.000000 -0.398678064 -1.193597555 0.707573533 -0.011500541 0.499849588 0.559788764 0.660798490
0.000000 -0.398678064 -1.193597555 0.707573533 -0.011500541 0.499849588 0.559788764 0.660798490
0.000000 -0.398678064 -1.193597555 0.707573533 -0.011500541 0.499849588 0.559788764 0.660798490
0.000000 -0.398678064 -1.193597555 0.707573533 -0.011500541 0.499849588 0.559788764 0.660798490
0.000000 -0.398678064 -1.193597555 0.707573533 -0.011500541 0.499849588 0.559788764 0.660798490
0.000000 -0.398678064 -1.193597555 0.707573533 -0.011500541 0.499849588 0.559788764 0.660798490
0.000000 -0.398678064 -1.193597555 0.707573533 -0.011500541 0.499849588 0.559788764 0.660798490
0.000000 -0.398678064 -1.193597555 0.707573533 -0.011500541 0.499849588 0.559788764 0.660798490
0.000000 -0.398678064 -1.193597555 0.707573533 -0.011500541 0.499849588 0.559788764 0.660798490
0.000000 -0.398678064 -1.193597555 0.707573533 -0.011500541 0.499849588 0.559788764 0.660798490
0.000000 -0.398678064 -1.193597555 0.707573533 -0.011500541 0.499849588 0.559788764 0.660798490
0.000000 -0.398678064 -1.193597555 0.707573533 -0.011500541 0.499849588 0.559788764 0.660798490
0.000000 -0.398678064 -1.193597555 0.707573533 -0.011500541 0.499849588 0.559788764 0.660798490
0.000000 -0.398678064 -1.193597555 0.707573533 -0.011500541 0.499849588 0.559788764 0.660798490
0.000000 -0.398678064 -1.193597555 0.707573533 -0.011500541 0.499849588 0.559788764 0.660798490
0.000000 -0.398678064 -1.193597555 0.707573533 -0.011500541 0.499849588 0.559788764 0.660798490
0.000000 -0.398678064 -1.193597555 0.707573533 -0.011500541 0.499849588 0.559788764 0.660798490
0.000000 -0.398678064 -1.193597555 0.707573533 -0.011500541 0.499849588 0.559788764 0.660798490
0.000000 -0.398678064 -1.193597555 0.707573533 -0.011500541 0.499849588 0.559788764 0.660798490
0.000000 -0.398678064 -1.193597555 0.707573533 -0.011500541 0.499849588 0.559788764 0.660798490
0.000000 -0.398678064 -1.193597555 0.707573533 -0.011500541 0.499849588 0.559788764 0.660798490
0.000000 -0.398678064 -1.193597555 0.707573533 -0.011500541 0.499849588 0.559788764 0.660798490
0.000000 -0.398678064 -1.193597555 0.707573533 -0.011500541 0.499849588 0.559788764 0.660798490
0.000000 -0.398678064 -1.193597555 0.707573533 -0.011500541 0.499849588 0.559788764 0.660798490
0.000000 -0.398678064 -1.193597555 0.707573533 -0.011500541 0.499849588 0.559788764 0.660798490
0.000000 -0.398678064 -1.193597555 0.707573533 -0.011500541 0.499849588 0.559788764 0.660798490
0.000000 -0.398678064 -1.193597555 0.707573533 -0.011500541 0.499849588 0.559788764 0.660798490
0.000000 -0.398678064 -1.193597555 0.707573533 -0.011500541 0.499849588 0.559788764 0.660798490
0.000000 -0.398678064 -1.193597555 0.707573533 -0.011500541 0.499849588 0.559788764 0.660798490
0.000000 -0.398678064 -1.193597555 0.707573533 -0.011500541 0.499849588 0.559788764 0.660798490
0.000000 -0.398678064 -1.193597555 0.707573533 -0.011500541 0.499849588 0.559788764 0.660798490
0.000000 -0.398678064 -1.193597555 0.707573533 -0.011500541 0.499849588 0.559788764 0.660798490
0.000000 -0.398678064 -1.193597555 0.707573533 -0.011500541 0.499849588 0.559788764 0.660798490
0.000000 -0.398678064 -1.193597555 0.707573533 -0.011500541 0.499849588 0.559788764 0.660798490
0.000000 -0.398678064 -1.193597555 0.707573533 -0.011500541 0.499849588 0.559788764 0.660798490
0.000000 -0.398678064 -1.193597555 0.707573533 -0.011500541 0.499849588 0.559788764 0.660798490
0.000000 -0.398678064 -1.193597555 0.707573533 -0.011500541 0.499849588 0.559788764 0.660798490
0.000000 -0.398678064 -1.193597555 0.707573533 -0.011500541 0.499849588 0.559788764 0.660798490
0.000000 -0.398678064 -1.193597555 0.707573533 -0.011500541 0.499849588 0.559788764 0.660798490
0.000000 -0.398678064 -1.193597555 0.707573533 -0.011500541 0.499849588 0.559788764 0.660798490
0.000000 -0.398678064 -1.193597555 0.707573533 -0.011500541 0.499849588 0.559788764 0.660798490
0.000000 -0.398678064 -1.193597555 0.707573533 -0.011500541 0.499849588 0.559788764 0.660798490
0.000000 -0.398678064 -1.193597555 0.707573533 -0.011500541 0.499849588 0.559788764 0.660798490
0.000000 -0.398678064 -1.193597555 0.707573533 -0.011500541 0.499849588 0.559788764 0.660798490
0.000000 -0.398678064 -1.193597555 0.707573533 -0.011500541 0.499849588 0.559788764 0.660798490
0.000000 -0.398678064 -1.193597555 0.707573533 -0.011500541 0.499849588 0.559788764 0.660798490
0.000000 -0.398678064 -1.193597555 0.707573533 -0.011500541 0.499849588 0.559788764 0.660798490
0.000000 -0.398678064 -1.193597555 0.707573533 -0.011500541 0.499849588 0.559788764 0.660798490
0.000000 -0.398678064 -1.193597555 0.707573533 -0.011500541 0.499849588 0.559788764 0.660798490
0.000000 -0.398678064 -1.193597555 0.707573533 -0.011500541 0.499849588 0.559788764 0.660798490
0.000000 -0.398678064 -1.193597555 0.707573533 -0.011500541 0.499849588 0.559788764 0.660798490
0.000000 -0.398678064 -1.193597555 0.707573533 -0.011500541 0.499849588 0.559788764 0.660798490
0.000000 -0.398678064 -1.193597555 0.707573533 -0.011500541 0.499849588 0.559788764 0.660798490
0.000000 -0.398678064 -1.193597555 0.707573533 -0.011500541 0.499849588 0.559788764 0.660798490
0.000000 -0.398678064 -1.193597555 0.707573533 -0.011500541 0.499849588 0.559788764 0.660798490
0.000000 -0.398678064 -1.193597555 0.707573533 -0.011500541 0.499849588 0.559788764 0.660798490
0.000000 -0.398678064 -1.193597555 0.707573533 -0.011500541 0.499849588 0.559788764 0.660798490
0.000000 -0.398678064 -1.193597555 0.707573533 -0.011500541 0.499849588 0.559788764 0.660798490
0.000000 -0.398678064 -1.193597555 0.707573533 -0.011500541 0.499849588 0.559788764 0.660798490
0.000000 -0.398678064 -1.193597555 0.707573533 -0.011500541 0.499849588 0.559788764 0.660798490
0.000000 -0.398678064 -1.193597555 0.707573533 -0.011500541 0.499849588 0.559788764 0.660798490
0.000000 -0.398678064 -1.193597555 0.707573533 -0.011500541 0.499849588 0.559788764 0.660798490
0.000000 -0.398678064 -1.193597555 0.707573533 -0.011500541 0.499849588 0.559788764 0.660798490
0.000000 -0.398678064 -1.193597555 0.707573533 -0.011500541 0.499849588 0.559788764 0.660798490
0.000000 -0.398678064 -1.193597555 0.707573533 -0.011500541 0.499849588 0.559788764 0.660798490
0.000000 -0.398678064 -1.193597555 0.707573533 -0.011500541 0.499849588 0.559788764 0.660798490
0.000000 -0.398678064 -1.193597555 0.707573533 -0.011500541 0.499849588 0.559788764 0.660798490
0.000000 -0.398678064 -1.193597555 0.707573533 -0.011500541 0.499849588 0.559788764 0.660798490
0.000000 -0.398678064 -1.193597555 0.707573533 -0.011500541 0.499849588 0.559788764 0.660798490
0.000000 -0.398678064 -1.193597555 0.707573533 -0.011500541 0.499849588 0.559788764 0.660798490
0.000000 -0.398678064 -1.193597555 0.707573533 -0.011500541 0.499849588 0.559788764 0.660798490
0.000000 -0.398678064 -1.193597555 0.707573533 -0.011500541 0.499849588 0.559788764 0.660798490
0.000000 -0.398678064 -1.193597555 0.707573533 -0.011500541 0.499849588 0.559788764 0.660798490
0.000000 -0.398678064 -1.193597555 0.707573533 -0.011500541 0.499849588 0.559788764 0.660798490
0.000000 -0.398678064 -1.193597555 0.707573533 -0.011500541 0.499849588 0.559788764 0.660798490
0.000000 -0.398678064 -1.193597555 0.707573533 -0.011500541 0.499849588 0.559788764 0.660798490
0.000000 -0.398678064 -1.193597555 0.707573533 -0.011500541 0.499849588 0.559788764 0.660798490
0.000000 -0.398678064 -1.193597555 0.707573533 -0.011500541 0.499849588 0.559788764 0.660798490
0.000000 -0.398678064 -1.193597555 0.707573533 -0.011500541 0.499849588 0.559788764 0.660798490
0.000000 -0.398678064 -1.193597555 0.707573533 -0.011500541 0.499849588 0.559788764 0.660798490
0.000000 -0.398678064 -1.193597555 0.707573533 -0.011500541 0.499849588 0.559788764 0.660798490
0.000000 -0.398678064 -1.193597555 0.707573533 -0.011500541 0.499849588 0.559788764 0.660798490
0.000000 -0.398678064 -1.193597555 0.707573533 -0.011500541 0.499849588 0.559788764 0.660798490
0.000000 -0.398678064 -1.193597555 0.707573533 -0.011500541 0.499849588 0.559788764 0.660798490
0.000000 -0.398678064 -1.193597555 0.707573533 -0.011500541 0.499849588 0.559788764 0.660798490
0.000000 -0.398678064 -1.193597555 0.707573533 -0.011500541 0.499849588 0.559788764 0.660798490
0.000000 -0.398678064 -1.193597555 0.707573533 -0.011500541 0.499849588 0.559788764 0.660798490
0.000000 -0.398678064 -1.193597555 0.707573533 -0.011500541 0.499849588 0.559788764 0.660798490
0.000000 -0.398678064 -1.193597555 0.707573533 -0.011500541 0.499849588 0.559788764 0.660798490
0.000000 -0.398678064 -1.193597555 0.707573533 -0.011500541 0.499849588 0.559788764 0.660798490
0.000000 -0.398678064 -1.193597555 0.707573533 -0.011500541 0.499849588 0.559788764 0.660798490
0.000000 -0.398678064 -1.193597555 0.707573533 -0.011500541 0.499849588 0.559788764 0.660798490
0.000000 -0.398678064 -1.193597555 0.707573533 -0.011500541 0.499849588 0.559788764 0.660798490
