0.000000 0.000000000 0.000000000 0.000000000 -0.000000000 -0.000000000 -0.000000000 1.000000000
0.000000 0.000998416 -0.123882525 -0.065423563 0.007058667 0.015203368 0.019004183 0.999678910
0.000000 -0.001341361 -0.282361835 -0.117813595 0.009598504 0.026747014 0.041526612 0.998733222
0.000000 -0.000734573 -0.581852198 -0.163197219 0.004910294 0.047160845 0.074007399 0.996129870
0.000000 -0.002665704 -0.652033627 -0.165003821 0.004841316 0.048383970 0.081743009 0.995466530
0.000000 0.001876890 -0.806231916 -0.157245263 0.012448285 0.052190807 0.093648300 0.994158566
0.000000 0.012920874 -0.993769646 -0.104243331 0.008445561 0.055355664 0.106964976 0.992684722
0.000000 0.074106589 -1.214618564 0.047678452 0.005776300 0.075514600 0.121974811 0.989639521
0.000000 0.093364894 -1.278693676 0.094975173 0.008849139 0.080614671 0.126887724 0.988596261
0.000000 0.131677836 -1.414928913 0.191767901 0.015845478 0.088439383 0.136346653 0.986578465
0.000000 0.167792395 -1.552194476 0.291356206 0.021787493 0.092777304 0.144483000 0.984907269
0.000000 0.208980322 -1.685525894 0.380721003 0.022613915 0.103343986 0.152660429 0.982600391
0.000000 0.249777660 -1.810618639 0.470160276 0.021984985 0.116260737 0.167107329 0.978813231
0.000000 0.308014512 -2.060437441 0.640402198 0.017343687 0.138746545 0.197825834 0.970213115
0.000000 0.331478387 -2.197941065 0.713122904 0.015006131 0.147478193 0.210285500 0.966335893
0.000000 0.352891326 -2.412016869 0.818699777 0.006706737 0.155243874 0.220188916 0.963001132
0.000000 0.358852684 -2.565862179 0.896906257 0.001001123 0.150911421 0.226256818 0.962305903
0.000000 0.381205052 -2.895695448 1.104309082 0.029672546 0.152181298 0.225544870 0.961815953
0.000000 0.381611437 -3.022578716 1.226691961 0.040623408 0.154768124 0.223646313 0.961446226
0.000000 0.385643661 -3.117103577 1.326073766 0.042184923 0.158274993 0.219530061 0.961756706
0.000000 0.351156712 -3.291481972 1.508643627 0.024335582 0.155348644 0.224767298 0.961641431
0.000000 0.321501553 -3.397644758 1.620530605 0.000658116 0.164709777 0.217549741 0.962051153
0.000000 0.311320901 -3.439707279 1.652689815 0.002331749 0.166229606 0.216604173 0.962000489
0.000000 0.291489422 -3.532071114 1.714793921 0.008960664 0.167047992 0.216708079 0.961796403
0.000000 0.229506463 -3.800979137 1.879823804 0.027094010 0.207921103 0.284615219 0.935429811
0.000000 0.206026614 -3.865223646 1.915419936 0.022228274 0.216187835 0.283126295 0.934135020
0.000000 0.192836016 -3.892666817 1.931955814 0.019745477 0.219901800 0.279399991 0.934445858
0.000000 0.163138568 -3.945517063 1.964261532 0.018623514 0.224367529 0.276343405 0.934316218
0.000000 0.061766624 -4.037692070 2.030844212 0.024931176 0.237904444 0.266577631 0.933657467
0.000000 -0.015671492 -4.075663090 2.055691957 0.029191116 0.236055896 0.267724544 0.933675051
0.000000 -0.187970340 -4.098275661 2.066507578 0.015153745 0.218719855 0.284701288 0.933207989
0.000000 -0.365955830 -4.088091373 2.059498787 -0.011914188 0.207010314 0.296325266 0.932306886
0.000000 -0.491040051 -4.097753525 2.065257549 -0.023839271 0.205511689 0.299195558 0.931492686
0.000000 -0.541112959 -4.124784470 2.088495493 -0.018459095 0.209799990 0.296475142 0.931528747
0.000000 -0.580370903 -4.150122166 2.123575211 -0.017612936 0.212241963 0.294572413 0.931595623
0.000000 -0.607554853 -4.178012848 2.187562943 -0.020933108 0.205138057 0.303154945 0.930364072
0.000000 -0.597808063 -4.203885078 2.242280960 -0.019371111 0.206436142 0.302365959 0.930367529
0.000000 -0.553131759 -4.247951508 2.305625677 -0.000648282 0.218610629 0.290188730 0.931664944
0.000000 -0.499921322 -4.294003963 2.420330524 0.047765300 0.229420230 0.278952092 0.931273639
0.000000 -0.473403990 -4.295373440 2.444256306 -0.002599519 0.240565225 0.265627027 0.933575869
0.000000 -0.494804978 -4.295351028 2.425556660 -0.007065203 0.238799632 0.264623642 0.934290767
0.000000 -0.557413101 -4.296404362 2.369790077 -0.008058967 0.229728386 0.271693200 0.934528053
0.000000 -0.651054144 -4.295519829 2.420994759 -0.005276194 0.223293081 0.280138493 0.933613837
0.000000 -0.698301435 -4.300240993 2.434821606 -0.004267529 0.221878812 0.282010972 0.933392465
0.000000 -0.908831120 -4.295752048 2.481459856 -0.010470029 0.220939428 0.282436997 0.933437467
0.000000 -1.203988910 -4.311013222 2.532122612 -0.023396149 0.212333471 0.292644322 0.932054937
0.000000 -1.306363344 -4.341433525 2.552355051 -0.023099411 0.209762290 0.295975327 0.931592703
0.000000 -1.429396272 -4.401390553 2.583614111 -0.026716879 0.206467539 0.300212681 0.930875838
0.000000 -1.484058380 -4.448877811 2.607485294 -0.028284427 0.208332717 0.299285144 0.930712581
0.000000 -1.536352515 -4.575512409 2.671191931 -0.019936120 0.212686256 0.297224194 0.930604637
