0.000000 0.000000000 0.000000000 0.000000000 -0.000000000 -0.000000000 -0.000000000 1.000000000
0.000000 -0.016904186 -0.014762712 0.029812373 -0.014960656 0.006864909 -0.002274247 0.999861956
0.000000 -0.020839313 -0.017353674 0.033924319 -0.017586574 0.008342519 -0.004223263 0.999801636
0.000000 -0.040901445 -0.027637992 0.053177048 -0.016978985 0.013493576 -0.009493904 0.999719739
0.000000 -0.053725038 -0.032625359 0.063368380 -0.015932083 0.012274219 -0.007882257 0.999766648
0.000000 -0.069587491 -0.037942514 0.071336769 -0.015440346 0.010806249 -0.004879366 0.999810517
0.000000 -0.086676285 -0.044691656 0.076153539 -0.016642841 0.009694081 -0.002941007 0.999810159
0.000000 -0.095431678 -0.048417389 0.078188278 -0.017969288 0.009245182 -0.002250620 0.999793291
0.000000 -0.121850982 -0.064634420 0.078775242 -0.019285098 0.009213165 -0.000232888 0.999771535
0.000000 -0.174189061 -0.096550547 0.081285916 -0.018664008 0.012759079 -0.000125798 0.999744415
0.000000 -0.198651329 -0.098800510 0.088157579 -0.019196250 0.019543895 -0.006401815 0.999604225
0.000000 -0.212186307 -0.099738620 0.090642005 -0.019388517 0.023818485 -0.010304642 0.999475181
0.000000 -0.227324218 -0.102594569 0.092322886 -0.016645741 0.025543867 -0.011504141 0.999468923
0.000000 -0.256098926 -0.105043225 0.093055323 -0.015683582 0.025653023 -0.011533944 0.999481320
0.000000 -0.285676301 -0.105162837 0.091324374 -0.021006277 0.029629873 -0.014252781 0.999238551
0.000000 -0.320051670 -0.106161669 0.090608686 -0.020507077 0.033492297 -0.016962273 0.999084592
0.000000 -0.377697080 -0.105262749 0.090826556 -0.017496232 0.039071195 -0.018528385 0.998911440
0.000000 -0.393801093 -0.104748286 0.090634838 -0.017561557 0.038905978 -0.017504985 0.998935223
0.000000 -0.427536964 -0.102461360 0.091968887 -0.016559688 0.038331550 -0.015518256 0.999007344
0.000000 -0.497429997 -0.095062733 0.092947982 -0.016565438 0.047743961 -0.003075616 0.998717487
0.000000 -0.514271200 -0.090530939 0.094098695 -0.016462488 0.057478786 0.006566907 0.998189390
0.000000 -0.567585468 -0.075484894 0.099961154 -0.026774723 0.065050617 0.013134092 0.997436285
0.000000 -0.608169734 -0.063830003 0.105997220 -0.035161514 0.063571520 0.017388580 0.997206092
0.000000 -0.682912946 -0.057871357 0.124482617 -0.034732498 0.061180267 0.025321754 0.997200787
0.000000 -0.732002139 -0.061381806 0.145250708 -0.027996559 0.064832218 0.024330499 0.997206628
0.000000 -0.789087474 -0.074154958 0.178107262 -0.023985898 0.065905236 0.026743030 0.997179031
0.000000 -0.844880342 -0.101642571 0.218204662 -0.015826216 0.070631474 0.023695180 0.997095406
0.000000 -0.887256563 -0.134510264 0.257197648 0.000497810 0.073171802 0.021751404 0.997081995
0.000000 -0.902039707 -0.144806027 0.268348604 -0.000198432 0.077700682 0.017872302 0.996816516
0.000000 -0.939830601 -0.158673927 0.287811428 -0.010966565 0.095547937 -0.000115033 0.995364428
0.000000 -0.975886106 -0.162150353 0.300620347 -0.016134210 0.098311484 -0.000642408 0.995024741
0.000000 -1.049456239 -0.170262918 0.325791955 -0.013731950 0.107409902 -0.003524668 0.994113743
0.000000 -1.107884288 -0.171839401 0.343542606 -0.012650454 0.110133134 -0.002347213 0.993833601
0.000000 -1.150985718 -0.172998890 0.355563581 -0.011387447 0.110176727 0.000350070 0.993846714
0.000000 -1.221030354 -0.172200397 0.373437136 -0.009627368 0.112505347 0.002549475 0.993601203
0.000000 -1.245288849 -0.170640096 0.381126970 -0.008645195 0.109786011 0.007077099 0.993892491
0.000000 -1.294216990 -0.167042524 0.393218160 -0.013337386 0.106809713 0.013653996 0.994096279
0.000000 -1.318759561 -0.165089756 0.399149328 -0.016844006 0.103197396 0.019706147 0.994323015
0.000000 -1.365464926 -0.160733715 0.410932869 -0.022816341 0.098293938 0.028938737 0.994474888
0.000000 -1.410727262 -0.158767477 0.424843550 -0.019154759 0.099127002 0.030667888 0.994417608
0.000000 -1.448190093 -0.157830656 0.438687623 -0.011414862 0.099937387 0.030357679 0.994464993
0.000000 -1.500178337 -0.153345689 0.457800120 -0.014186402 0.104592532 0.029853659 0.993965745
0.000000 -1.529599190 -0.150254473 0.468995750 -0.017134860 0.107886627 0.027678788 0.993630111
0.000000 -1.580086112 -0.146472737 0.493336082 -0.020295104 0.113670722 0.025811069 0.992975771
0.000000 -1.621634126 -0.151683643 0.515914738 0.000154692 0.122203253 0.017933773 0.992343068
0.000000 -1.719247699 -0.139953047 0.544412792 -0.015192579 0.117676638 0.031244218 0.992444098
0.000000 -1.728639126 -0.136318684 0.544094026 -0.024447102 0.118699186 0.031626854 0.992125332
0.000000 -1.743870258 -0.133863688 0.546079814 -0.028513150 0.120983347 0.030505147 0.991775930
0.000000 -1.763473749 -0.147958413 0.551075578 -0.004179252 0.122424662 0.026506107 0.992115021
0.000000 -1.771603584 -0.150490329 0.542918146 -0.031004775 0.124062404 0.030005023 0.991335988
0.000000 -1.756724834 -0.165136650 0.549642682 -0.002369329 0.126103446 0.022626700 0.991756201
0.000000 -1.703853130 -0.159756869 0.534910083 -0.012473374 0.156205833 0.040261172 0.986824811
0.000000 -1.678793430 -0.157033145 0.528404176 -0.015403778 0.158933058 0.034797166 0.986555755
0.000000 -1.667526007 -0.157241866 0.525285482 -0.015329352 0.163636640 0.028797045 0.985981166
0.000000 -1.657865763 -0.161781579 0.525361359 -0.018662203 0.163774982 0.028423430 0.985911548
0.000000 -1.672436476 -0.205014452 0.537972450 0.004999076 0.145463794 0.046978507 0.988234997
0.000000 -1.673695445 -0.210600168 0.537487686 0.009475142 0.146290496 0.045660071 0.988141954
0.000000 -1.675495028 -0.217310637 0.534179986 0.015267624 0.148752958 0.042475715 0.987843752
0.000000 -1.668051839 -0.221336097 0.510572731 -0.014918804 0.148235440 0.045170218 0.987807393
0.000000 -1.659717560 -0.231240943 0.513710618 -0.004853644 0.150478795 0.042139065 0.987702847
0.000000 -1.655019283 -0.239853531 0.513099134 0.007275093 0.147643149 0.042214867 0.988112569
0.000000 -1.641530991 -0.241325155 0.501573622 -0.019309841 0.164543509 0.068042524 0.983830690
0.000000 -1.631510496 -0.251921862 0.506065190 0.005625288 0.168534204 0.062065955 0.983723760
0.000000 -1.622217894 -0.258857459 0.506231427 0.026103236 0.167555302 0.063070402 0.983496845
0.000000 -1.615653634 -0.251781434 0.501135826 0.034129914 0.175899595 0.068851270 0.981404126
0.000000 -1.610953331 -0.225181133 0.482613921 -0.009677190 0.179922670 0.084803835 0.979970634
0.000000 -1.605486393 -0.208790407 0.465380609 -0.021192933 0.193338245 0.093582734 0.976428926
0.000000 -1.587917924 -0.199596033 0.445663929 -0.000824594 0.192898840 0.090175986 0.977065861
0.000000 -1.580072284 -0.197465673 0.440912515 -0.000594708 0.202301979 0.078703962 0.976155341
