1403636579763555840.000000 0.000000000 0.000000000 0.000000000 -0.000000000 -0.000000000 -0.000000000 1.000000000
1403636579913555712.000000 0.000108023 0.010980014 0.004148444 -0.005891552 0.005622047 -0.003004496 0.999962330
1403636579963555584.000000 -0.000022161 0.015673619 0.005525468 -0.011958712 0.005635255 -0.002948545 0.999908268
1403636580113555456.000000 -0.000412265 0.030625025 0.009911380 -0.023225989 0.005476187 0.001634721 0.999713957
1403636580263555840.000000 -0.000811347 0.044237159 0.013439184 -0.029903896 0.004479906 0.002249598 0.999540210
1403636580463555584.000000 -0.001377142 0.057288576 0.015526294 -0.055556953 0.002954485 -0.002301024 0.998448551
1403636580663555584.000000 -0.002056711 0.052701794 0.013596106 -0.072213478 0.000099755 -0.000985492 0.997388721
1403636585113555456.000000 -0.000424388 -0.035264149 -0.004859178 0.016774079 0.050050311 -0.008538868 0.998569369
1403636586463555584.000000 0.001128800 0.021749388 -0.005608770 -0.186588287 0.044447012 0.014410787 0.981326461
1403636587313555456.000000 0.011759953 0.018501766 -0.003932238 -0.194673508 0.026149280 0.004475034 0.980509281
1403636588013555456.000000 0.056247823 0.015412768 0.002553859 -0.195473790 0.061045099 0.027500378 0.978420794
1403636588213555456.000000 0.065613791 0.016850451 0.003472499 -0.205570102 0.066134192 0.030073389 0.975942016
1403636588963555584.000000 0.044344239 0.017955663 -0.000604860 -0.201722145 0.049179096 0.029349841 0.977766931
1403636589563555840.000000 -0.010207684 0.018042713 -0.006747114 -0.195247591 0.021393035 0.013145993 0.980432510
1403636589763555840.000000 -0.028449425 0.019635566 -0.008215801 -0.192325041 0.013902105 0.009590921 0.981185913
1403636589963555584.000000 -0.043060835 0.022366611 -0.009193663 -0.201751307 -0.003446268 0.007431377 0.979402542
1403636590163555584.000000 -0.051651355 0.023058735 -0.009946727 -0.192439348 -0.017215895 0.007055446 0.981132507
1403636590713555456.000000 -0.029751869 0.020380953 -0.012469104 -0.187430874 0.007545539 0.001504487 0.982247710
1403636590913555712.000000 -0.012111535 0.020197174 -0.011637605 -0.196548268 0.014224648 0.008388118 0.980355084
1403636591213555456.000000 0.014573771 0.019582771 -0.009002593 -0.197257891 0.015441670 0.013508977 0.980136931
1403636591413555712.000000 0.027600966 0.020552296 -0.006620022 -0.201841593 0.022865424 0.017019849 0.979003310
1403636591613555456.000000 0.035375640 0.022537215 -0.002889916 -0.190940529 0.040742736 0.020399867 0.980543494
1403636591863555584.000000 0.039376426 0.022540323 0.001677720 -0.141631290 0.070195630 0.017944690 0.987264454
1403636592063555840.000000 0.042792782 0.021077447 0.005683429 -0.142599285 0.088528164 0.030478610 0.985342205
1403636592263555840.000000 0.048205730 0.019013982 0.013541308 -0.159748673 0.103520915 0.042315796 0.980802357
1403636592513555456.000000 0.048935831 0.014498974 0.027132798 -0.167677253 0.084511742 0.044270653 0.981214643
1403636593663555584.000000 -0.030875402 0.027893016 -0.002159886 -0.189427942 -0.089614771 0.002936256 0.977792203
1403636593913555712.000000 -0.015260597 0.035390131 -0.017371707 -0.190762550 -0.010861925 0.035979211 0.980916500
1403636594213555456.000000 0.017534845 0.035565775 -0.022012584 -0.173791498 0.097669743 0.071269788 0.977331996
1403636594513555456.000000 0.049483120 0.029685639 -0.002853736 -0.163013369 0.140853554 0.063426025 0.974455833
1403636596063555840.000000 0.023951598 0.041723479 -0.008896492 -0.170612603 0.033929590 0.008223774 0.984719515
1403636596463555584.000000 0.013886676 0.045394011 -0.036409944 -0.163946420 0.067071952 0.027001057 0.983815968
1403636596763555840.000000 -0.003240116 0.046544716 -0.050109845 -0.161306560 0.061010752 0.014265116 0.984913409
1403636597213555456.000000 0.006279465 0.037447739 -0.014236412 -0.174554080 0.049618255 -0.000702757 0.983396411
1403636598363555584.000000 -0.004143550 0.040894706 -0.003933190 -0.186426163 -0.063501857 -0.057136346 0.978748322
1403636598613555456.000000 0.001485441 0.045513526 0.003536540 -0.173235491 -0.061531957 -0.059350755 0.981162965
1403636599613555456.000000 0.009930124 0.059566684 0.049763042 -0.007459947 -0.085252605 -0.032571290 0.995798945
1403636599863555584.000000 0.010807608 0.060941733 0.050574578 0.015111203 -0.084418468 -0.029437093 0.995880842
1403636613113555456.000000 0.011578927 0.061278343 0.050412882 0.019432224 -0.085842960 -0.018891836 0.995939970
1403636624363555584.000000 0.011994788 0.061274685 0.050243720 0.010876656 -0.080418184 -0.019035241 0.996520102
1403636624663555584.000000 0.016013430 0.061924253 0.047979157 -0.004068074 -0.070431523 -0.023792041 0.997224569
1403636624913555712.000000 0.023355355 0.063111469 0.043075502 -0.013665455 -0.061213430 -0.053584203 0.996591628
1403636625163555584.000000 0.028833501 0.056155104 0.034207664 -0.039333705 -0.058223266 -0.066765994 0.995291531
1403636625513555456.000000 0.029460913 0.048505697 0.030022254 -0.034768753 -0.066082798 -0.055208150 0.995678842
1403636625813555456.000000 0.026826469 0.041251767 0.033508483 -0.021015275 -0.069619194 -0.056485664 0.995751441
1403636627263555840.000000 0.034159336 0.000232290 0.032868832 -0.011030300 -0.081566334 -0.055623390 0.995053411
1403636627663555584.000000 0.041701965 -0.011829415 0.023916459 -0.011680345 -0.070911542 -0.044280156 0.996430814
1403636629013555456.000000 0.084077634 -0.035000097 0.037356649 -0.025974499 -0.003789580 -0.023906691 0.999369502
1403636629413555712.000000 0.106099457 -0.046164937 0.048297413 -0.016893901 0.026661526 -0.007224592 0.999475658
1403636629863555584.000000 0.138681129 -0.040472858 0.070423789 -0.034373380 0.102662876 0.022330150 0.993871331
1403636630213555456.000000 0.168925256 -0.041030321 0.097003810 -0.015563385 0.149921462 0.033121150 0.988020420
1403636630813555456.000000 0.218308821 -0.072914638 0.137002811 -0.018577365 0.151684090 0.022251073 0.988003910
1403636631163555584.000000 0.245459273 -0.082359172 0.162622005 -0.012999794 0.144010738 0.027406638 0.989111125
1403636632613555456.000000 0.327485025 -0.099165566 0.279294610 -0.025065158 0.130849272 0.029551499 0.990644693
1403636633013555456.000000 0.341606140 -0.101680093 0.315059930 -0.019055119 0.059663810 -0.007092902 0.998011470
1403636633963555584.000000 0.375472754 -0.122492045 0.421609193 -0.027381375 0.032172091 0.003190388 0.999102116
1403636634313555456.000000 0.395394117 -0.139782146 0.466000557 -0.024794549 0.034165762 -0.002866681 0.999104500
1403636634663555584.000000 0.417699128 -0.158867240 0.513558626 -0.005590646 0.028253114 -0.018745931 0.999409378
1403636635063555840.000000 0.437956750 -0.176251039 0.564497709 -0.016840667 0.003653324 -0.031520847 0.999354541
1403636635413555712.000000 0.451909840 -0.190654814 0.609642446 -0.026752418 -0.008008827 -0.024767924 0.999303162
1403636635763555840.000000 0.466283053 -0.213767022 0.656553984 -0.021222077 -0.009483340 -0.014891594 0.999618888
1403636636063555840.000000 0.483697951 -0.244695380 0.694440901 -0.029113168 -0.008320075 -0.008843329 0.999502420
1403636636463555584.000000 0.510750949 -0.291679770 0.747961044 0.008566662 -0.000956732 -0.030698828 0.999491572
1403636637013555456.000000 0.538577259 -0.321417242 0.809552550 0.002889543 0.002150710 -0.048689790 0.998807430
1403636637413555712.000000 0.543397903 -0.323692709 0.845228553 -0.018288793 -0.007492460 -0.033757348 0.999234617
1403636637863555584.000000 0.544709027 -0.350202322 0.879014850 -0.017868903 -0.012660565 -0.033850547 0.999186993
1403636638113555456.000000 0.544761360 -0.365829319 0.899112999 -0.007526853 -0.014695526 -0.033397280 0.999305785
1403636638463555584.000000 0.544952571 -0.366862267 0.931231797 -0.033930968 -0.020782096 -0.018646572 0.999034107
1403636638763555840.000000 0.550057471 -0.369736582 0.962680459 -0.039721511 -0.018865958 -0.026952043 0.998669088
1403636639163555584.000000 0.559721470 -0.394799858 1.010449290 -0.023523819 -0.028206510 -0.003792959 0.999318123
1403636640063555840.000000 0.611513555 -0.405724406 1.138996601 -0.002728235 -0.024308303 -0.033716429 0.999132037
1403636640563555840.000000 0.633822739 -0.427341402 1.190390229 -0.004344385 -0.052906089 -0.049210880 0.997376800
1403636641113555456.000000 0.654352963 -0.437419116 1.238064528 -0.007231653 -0.056438595 -0.051317930 0.997060120
1403636642013555456.000000 0.681210637 -0.449071020 1.296168804 -0.002976845 -0.045307685 -0.042984180 0.998043478
1403636643113555456.000000 0.711803555 -0.459464252 1.331484079 -0.017776495 0.003291970 -0.020747885 0.999621272
1403636643613555456.000000 0.727296412 -0.466439664 1.349799752 -0.030509699 -0.000000181 -0.020648845 0.999321163
1403636643863555584.000000 0.736431420 -0.479034722 1.359252334 -0.043326404 -0.001504554 -0.024838457 0.998751044
1403636644063555840.000000 0.743865490 -0.488167822 1.373878598 -0.049036089 -0.001345806 -0.027291168 0.998423219
1403636644263555840.000000 0.750747442 -0.494919449 1.393883467 -0.036105216 -0.003524725 -0.019649887 0.999148607
1403636644513555456.000000 0.762151659 -0.499126464 1.423860669 -0.004764196 -0.011277880 0.004772570 0.999913692
1403636644863555584.000000 0.788097322 -0.489661485 1.466353297 -0.000854036 0.000649873 -0.024653725 0.999695480
1403636645213555456.000000 0.816684484 -0.477773875 1.503914237 -0.056572892 0.004486443 -0.022945572 0.998124659
1403636645463555584.000000 0.835257888 -0.484494925 1.535977244 -0.047339454 0.006274168 -0.024104724 0.998568296
1403636646363555584.000000 0.901474774 -0.540441215 1.685217142 -0.002055585 0.072184563 0.026945271 0.997025132
1403636646613555456.000000 0.926956713 -0.557297766 1.724707127 0.014044175 0.131072953 0.031006830 0.990788162
1403636647013555456.000000 0.966233194 -0.595095336 1.769364119 0.003925878 0.159237862 0.033712778 0.986656666
1403636647513555456.000000 1.012207031 -0.622174442 1.814838529 0.002786532 0.151574120 0.037421864 0.987733364
1403636647913555712.000000 1.051566720 -0.636276543 1.840621471 0.006895974 0.161123306 0.039360296 0.986124992
1403636648413555712.000000 1.109763145 -0.631556928 1.860281706 0.006341789 0.269667447 0.075950675 0.959932685
1403636648913555712.000000 1.159132957 -0.617730856 1.867105722 -0.022131035 0.347712189 0.106129795 0.931312442
1403636649513555456.000000 1.216423988 -0.651600897 1.858475924 -0.004952988 0.344689280 0.092285015 0.934156477
1403636649963555584.000000 1.254909635 -0.687150598 1.841998339 0.012291376 0.362749666 0.096439421 0.926801503
1403636650563555840.000000 1.290991187 -0.679299355 1.816314220 0.000589747 0.459921449 0.135715112 0.877526879
1403636651063555840.000000 1.311703444 -0.665157914 1.790892363 0.007949988 0.500898957 0.141905233 0.853756368
1403636652063555840.000000 1.315764189 -0.653488755 1.722323298 0.025094701 0.522350430 0.164011970 0.836433113
1403636652613555456.000000 1.308032870 -0.611826360 1.671745777 -0.016821887 0.641835392 0.223518312 0.733351231
1403636653313555456.000000 1.325958967 -0.591562748 1.600437641 -0.003921264 0.655424535 0.199711353 0.728367150
1403636653663555584.000000 1.338392377 -0.589278579 1.569485664 0.001011066 0.646571338 0.191542417 0.738414526
1403636653913555712.000000 1.343010426 -0.586725473 1.549309850 0.006865889 0.645883977 0.184373066 0.740805864
1403636654213555456.000000 1.343398452 -0.574720144 1.528616309 0.011075908 0.648442388 0.194424883 0.735933959
1403636654663555584.000000 1.334419966 -0.570150495 1.493763089 -0.000618781 0.699188471 0.220965132 0.679933429
1403636655013555456.000000 1.324206591 -0.564919889 1.467925787 0.000423456 0.721500456 0.224470988 0.655018926
1403636655413555712.000000 1.308911800 -0.549565613 1.446407557 0.020294309 0.735244095 0.219574928 0.640929878
1403636655613555456.000000 1.295191050 -0.542924643 1.435227752 0.015217470 0.747672379 0.233649164 0.621419728
1403636655963555584.000000 1.267428637 -0.520738959 1.416188240 0.008798634 0.773208916 0.268356442 0.574504375
1403636656163555584.000000 1.252195835 -0.507853091 1.404142499 0.007341122 0.790104806 0.272724658 0.548909605
1403636656313555456.000000 1.241163015 -0.502326548 1.391196966 0.000680363 0.795529902 0.275145859 0.539839327
1403636656713555456.000000 1.216135383 -0.501138687 1.350307345 0.004701422 0.799608052 0.262317032 0.540180206
1403636656913555712.000000 1.204773664 -0.496533275 1.330166817 0.011977366 0.802787781 0.243634090 0.544087052
1403636657063555840.000000 1.194806337 -0.489656955 1.317440271 0.017802564 0.801401079 0.241170213 0.547061503
1403636657213555456.000000 1.182867885 -0.481698930 1.305465221 0.024122579 0.798582196 0.244381130 0.549511075
1403636657563555840.000000 1.147159934 -0.466020644 1.276871681 0.015524305 0.789576054 0.271763235 0.549975693
1403636657713555456.000000 1.130793929 -0.456753969 1.263621330 0.014816221 0.789530039 0.272767633 0.549564064
1403636657913555712.000000 1.109607816 -0.441643536 1.244614720 0.020937027 0.789646566 0.283262789 0.543858588
1403636658063555840.000000 1.093417168 -0.430789709 1.227501512 0.016898850 0.790575087 0.286716938 0.540831685
1403636658213555456.000000 1.076963425 -0.424372286 1.208466291 0.004389827 0.795865655 0.279079765 0.537301660
1403636658363555584.000000 1.062397003 -0.414368749 1.185871124 -0.004907902 0.798712850 0.273500204 0.535939693
1403636658563555840.000000 1.044997573 -0.400827408 1.158725262 -0.017221574 0.801799119 0.268272847 0.533714592
1403636658713555456.000000 1.033771396 -0.389221966 1.138680458 -0.022258501 0.803564787 0.262895226 0.533548772
1403636658913555712.000000 1.022521973 -0.373769611 1.115337610 -0.020724230 0.808352113 0.249621913 0.532753587
1403636659063555840.000000 1.015131235 -0.362131953 1.101552248 -0.006033571 0.809325755 0.247381344 0.532689333
1403636659213555456.000000 1.007846951 -0.348730415 1.090139866 0.001068548 0.810216725 0.244536921 0.532681406
1403636659413555712.000000 0.995819807 -0.332529545 1.076449633 -0.005220837 0.807192922 0.252374530 0.533590972
1403636659563555840.000000 0.987394452 -0.324884176 1.066722989 -0.010075508 0.805602491 0.257800400 0.533331096
1403636659813555456.000000 0.974767089 -0.311111391 1.053483129 -0.008388118 0.809684455 0.251071423 0.530380845
1403636659963555584.000000 0.966834545 -0.300231218 1.048406363 -0.011366923 0.809420347 0.256066203 0.528336644
1403636660213555456.000000 0.955790401 -0.279148340 1.044551611 -0.021655595 0.806191027 0.270019621 0.526000440
1403636660463555584.000000 0.950294971 -0.260260791 1.041292548 -0.036145929 0.799964666 0.289135128 0.524548292
1403636660763555840.000000 0.956768274 -0.242331833 1.036238194 -0.025129123 0.811129570 0.254700094 0.525894701
1403636661013555456.000000 0.966584086 -0.222480163 1.039169550 -0.022022860 0.815562308 0.238809168 0.526633918
1403636661163555584.000000 0.972636223 -0.210222811 1.046155095 -0.011251985 0.814707398 0.242385298 0.526663780
1403636661313555456.000000 0.978111625 -0.199291065 1.053895712 -0.004638833 0.814140022 0.243592381 0.527083874
1403636661513555456.000000 0.984128594 -0.190831333 1.065628767 -0.003832935 0.813383460 0.245505944 0.527370334
1403636661713555456.000000 0.988047242 -0.188818544 1.077520132 0.000104587 0.811285973 0.249166965 0.528895974
1403636661863555584.000000 0.990095019 -0.190890938 1.086446047 0.013983610 0.809327185 0.253008962 0.529887199
1403636662763555840.000000 0.974174261 -0.210713252 1.139258981 0.008654912 0.803836823 0.276853234 0.526425481
1403636663013555456.000000 0.970073581 -0.204823047 1.155701995 0.009411215 0.800056219 0.290178180 0.524993479
1403636663313555456.000000 0.966315269 -0.197652742 1.163967729 -0.009767116 0.801117361 0.290511042 0.523181558
1403636663563555840.000000 0.969177365 -0.184975147 1.166014791 -0.042549111 0.801671863 0.287560642 0.522322476
1403636663813555456.000000 0.982955337 -0.170207232 1.169637680 -0.056114461 0.804564416 0.275219023 0.523241639
1403636664013555456.000000 1.003189683 -0.165758789 1.173152447 -0.058578100 0.811548829 0.246335149 0.526570141
1403636664313555456.000000 1.043136120 -0.170933738 1.187824011 -0.024411881 0.810130239 0.237700388 0.535342515
1403636664563555840.000000 1.077764392 -0.166565076 1.211767912 -0.009725214 0.805173874 0.236382008 0.543805182
1403636664963555584.000000 1.125225663 -0.168212399 1.256980419 -0.006632672 0.794205546 0.244117945 0.556417108
1403636665313555456.000000 1.163729787 -0.186338693 1.293143749 0.002537853 0.784753382 0.261067778 0.562138140
1403636665663555584.000000 1.200700045 -0.207007140 1.325440407 -0.019831620 0.790584862 0.248893633 0.559137106
1403636666013555456.000000 1.238207698 -0.232723236 1.361367941 0.012464739 0.791919827 0.255153030 0.554621100
1403636666263555840.000000 1.260395765 -0.244495645 1.389727592 0.009862751 0.795122981 0.248155698 0.553263903
1403636666513555456.000000 1.278820992 -0.252154291 1.417027473 0.018074427 0.791007817 0.255242437 0.555725753
1403636666863555584.000000 1.297708988 -0.269912183 1.448966980 -0.009991522 0.782928288 0.269597739 0.560571611
1403636667563555840.000000 1.343552828 -0.280083627 1.498752356 -0.009485110 0.784769535 0.253568560 0.565464258
1403636667963555584.000000 1.369313836 -0.290171713 1.525398016 -0.000829039 0.779211819 0.271131873 0.565080285
1403636668413555712.000000 1.402779698 -0.287586451 1.550165892 -0.015944621 0.788264215 0.262970150 0.556086242
1403636668663555584.000000 1.426290512 -0.279685795 1.566521406 -0.015158810 0.792620838 0.260323554 0.551138997
1403636669013555456.000000 1.461823583 -0.275612414 1.593356609 -0.018857339 0.802269042 0.236516923 0.547785103
1403636669363555584.000000 1.497251868 -0.286604911 1.629093885 -0.002674702 0.802245617 0.241480529 0.545968950
1403636669663555584.000000 1.520742893 -0.289884269 1.666938424 0.010477520 0.806626260 0.224395946 0.546709061
1403636669913555712.000000 1.531320691 -0.299612999 1.702130079 0.045153428 0.796714664 0.244592428 0.550800800
1403636670313555456.000000 1.526204348 -0.321539134 1.743582606 0.087429926 0.774680138 0.273574829 0.563368022
1403636671613555456.000000 1.301552176 -0.316466212 1.547658086 -0.023542825 0.589924872 0.200807348 0.781735778
1403636672063555840.000000 1.221947670 -0.296742499 1.421539187 -0.083664298 0.572667539 0.211888283 0.787499547
1403636672463555584.000000 1.202236295 -0.303441584 1.336376905 -0.087021627 0.595075667 0.160756931 0.782604277
1403636673313555456.000000 1.197640061 -0.271784991 1.285964251 -0.061477695 0.535182238 0.170281634 0.825108886
1403636674713555456.000000 1.268301487 -0.279606640 1.388731480 0.002995355 0.489918977 0.160828337 0.856799066
1403636676113555456.000000 1.401901722 -0.292443782 1.557557821 -0.000442614 0.378940642 0.123894595 0.917089939
1403636676613555456.000000 1.438851833 -0.291431934 1.634980440 -0.029537503 0.282944709 0.051533148 0.957295239
1403636677013555456.000000 1.458365917 -0.313829362 1.699306607 -0.014172231 0.238313645 0.066346385 0.968815744
1403636678063555840.000000 1.479370117 -0.347226918 1.842242479 -0.011136566 0.091147460 0.032684311 0.995238602
1403636678413555712.000000 1.486361861 -0.357210428 1.870179892 -0.012247974 0.040987283 -0.009162948 0.999042630
1403636679113555456.000000 1.492271185 -0.380740255 1.914654255 -0.008284269 -0.095347323 -0.101351164 0.990236461
1403636679613555456.000000 1.472748876 -0.386145860 1.933168411 -0.003668937 -0.223600566 -0.097140260 0.969821215
1403636679963555584.000000 1.465002537 -0.404652834 1.933592200 0.008195530 -0.245495290 -0.117295399 0.962240458
1403636680513555456.000000 1.447134256 -0.430062771 1.907828808 0.015595537 -0.220053181 -0.160616681 0.962047637
1403636680813555456.000000 1.424127460 -0.425223410 1.879251838 0.000018052 -0.224078774 -0.130912960 0.965738356
1403636681113555456.000000 1.393718004 -0.411894470 1.848443270 -0.043966625 -0.228853509 -0.107233040 0.966537178
1403636681463555584.000000 1.357654333 -0.397016019 1.820926905 -0.005830231 -0.230301172 -0.112323754 0.966597557
1403636681763555840.000000 1.324057102 -0.389831811 1.795459628 -0.001780337 -0.233232185 -0.117324017 0.965315878
1403636682113555456.000000 1.286161423 -0.378567576 1.761551738 0.000181525 -0.241038397 -0.112883382 0.963928342
1403636682813555456.000000 1.210926294 -0.359917164 1.687776685 0.001797474 -0.235993698 -0.108022884 0.965730190
1403636683213555456.000000 1.169844151 -0.349528968 1.641694546 0.002912987 -0.232443690 -0.113393597 0.965972722
1403636683513555456.000000 1.138816357 -0.332119882 1.604801893 -0.001430647 -0.238991767 -0.109114811 0.964870393
1403636683813555456.000000 1.108153105 -0.310889691 1.567546964 -0.015040222 -0.241971403 -0.109978251 0.963913083
1403636684063555840.000000 1.084246039 -0.299773812 1.535798430 -0.013730686 -0.246518672 -0.109280981 0.962859154
1403636684363555584.000000 1.055967927 -0.296180844 1.497350097 -0.003966167 -0.252714485 -0.108502179 0.961429656
1403636684663555584.000000 1.031686068 -0.287560672 1.461021423 -0.001188953 -0.259303153 -0.099781334 0.960626960
1403636685713555456.000000 0.973571658 -0.234294087 1.327397227 -0.006839322 -0.240499377 -0.116663948 0.963588536
1403636686063555840.000000 0.950456381 -0.208688721 1.282021761 -0.010731745 -0.242257014 -0.112197936 0.963643074
1403636686463555584.000000 0.922777951 -0.190539658 1.228626847 -0.020327928 -0.242602557 -0.107078686 0.963983893
1403636686863555584.000000 0.897219300 -0.171091482 1.183947325 -0.016546106 -0.244844750 -0.107160307 0.963480175
1403636687613555456.000000 0.854849279 -0.150562614 1.112743258 -0.005168586 -0.250063211 -0.103455514 0.962672710
1403636688313555456.000000 0.831354737 -0.092375413 1.061952710 -0.003923255 -0.249945581 -0.110762663 0.961895823
1403636689013555456.000000 0.804768562 -0.035291288 1.005025506 -0.012271252 -0.260744452 -0.125764191 0.957102478
1403636689413555712.000000 0.779930532 -0.023477495 0.966946661 -0.023743084 -0.283810288 -0.123650670 0.950577974
1403636689763555840.000000 0.754225433 -0.030369818 0.937670171 -0.043320000 -0.290075600 -0.114435203 0.949149132
1403636690063555840.000000 0.734461784 -0.035750207 0.926154137 -0.043055963 -0.292220622 -0.095194109 0.950626850
1403636690663555584.000000 0.700024366 -0.057128266 0.937569559 -0.037258565 -0.288075924 -0.096415550 0.952012718
1403636690963555584.000000 0.687468171 -0.060351543 0.961006224 -0.018521300 -0.302978992 -0.051278330 0.951436400
1403636691163555584.000000 0.691515505 -0.063318223 0.981874704 0.013880613 -0.306553304 -0.045779243 0.950650632
1403636691413555712.000000 0.714485109 -0.074297197 1.002403259 0.027115094 -0.295998037 -0.091918796 0.950368822
1403636691763555840.000000 0.759370506 -0.100917704 1.017222881 -0.001940936 -0.292128414 -0.124497101 0.948239267
1403636692163555584.000000 0.813399673 -0.125480875 1.029108524 0.002975747 -0.293662250 -0.119972520 0.948346078
1403636692813555456.000000 0.897376537 -0.186433747 1.027954698 -0.008389744 -0.276765406 -0.146971077 0.949594676
1403636693363555584.000000 0.941122532 -0.225165129 1.016218424 -0.029593974 -0.282606512 -0.136701435 0.948983967
1403636693763555840.000000 0.954023004 -0.236610383 1.020518064 -0.052601043 -0.286110848 -0.134626165 0.947232544
1403636694163555584.000000 0.954660892 -0.247656256 1.041392088 -0.004676819 -0.293606728 -0.121954873 0.948103547
1403636695063555840.000000 0.956260264 -0.261881620 1.083031178 -0.019059809 -0.293248594 -0.108098939 0.949714005
1403636695613555456.000000 0.965852797 -0.275257885 1.109286070 -0.006866331 -0.278859705 -0.126540840 0.951933563
1403636696213555456.000000 0.971598148 -0.274592102 1.132126212 -0.021961939 -0.270676523 -0.132203192 0.953296542
1403636696813555456.000000 0.969473600 -0.268488318 1.145815849 -0.001405903 -0.272890091 -0.116072200 0.955016434
1403636697813555456.000000 0.945445955 -0.272420406 1.105409145 -0.012272455 -0.224830478 -0.118488215 0.967089057
1403636698913555712.000000 0.868765652 -0.230281129 1.051802754 -0.018210867 -0.026826490 -0.038392752 0.998736560
1403636700013555456.000000 0.817533195 -0.207054600 1.020346045 -0.009149647 0.224429354 0.074909538 0.971563876
1403636701263555840.000000 0.856044292 -0.133404434 0.995739222 -0.026717298 0.291490942 0.087780543 0.952162743
1403636702463555584.000000 0.926400900 -0.115546018 0.977892995 -0.017686559 0.383523613 0.113394752 0.916372418
1403636703563555840.000000 1.007205129 -0.061227068 1.008394480 -0.006323422 0.390641004 0.113558069 0.913490117
1403636704913555712.000000 1.120292902 -0.054473907 1.034958720 -0.049588431 0.374705017 0.116460077 0.918462932
1403636705913555712.000000 1.237181067 -0.064782158 1.143859267 -0.015017739 0.374902278 0.108574942 0.920561969
1403636706713555456.000000 1.333496690 -0.082159072 1.238519073 -0.024135910 0.373874396 0.093200341 0.922469079
1403636707763555840.000000 1.441898704 -0.164807543 1.376364946 -0.026016099 0.383138180 0.120181158 0.915469766
1403636708463555584.000000 1.521252036 -0.183513820 1.497193098 0.007077775 0.367049336 0.129560232 0.921107411
1403636709813555456.000000 1.634607911 -0.216972873 1.662763357 -0.017191976 0.396590978 0.090871796 0.913324893
1403636710213555456.000000 1.639400005 -0.233751088 1.716707468 -0.013726319 0.389731228 0.087121129 0.916695774
1403636710663555584.000000 1.634825468 -0.235636294 1.785141706 0.004190492 0.340187758 0.112186581 0.933632076
1403636711063555840.000000 1.631377459 -0.233026654 1.835083008 -0.005981547 0.286884904 0.058423325 0.956163168
1403636711513555456.000000 1.617579937 -0.246941745 1.880635262 0.017699454 0.270363837 0.049973194 0.961297512
1403636712013555456.000000 1.579325557 -0.264897585 1.909606457 0.011871418 0.273437172 0.070827745 0.959205210
1403636712613555456.000000 1.517327428 -0.300114870 1.908964396 0.014870625 0.233352020 0.034282681 0.971674085
1403636713163555584.000000 1.445982933 -0.315661699 1.885209799 0.013400580 0.208960220 0.037327662 0.977119625
1403636713713555456.000000 1.371198177 -0.338163286 1.834493876 0.002782553 0.204770237 0.060571268 0.976930201
1403636714363555584.000000 1.301354885 -0.337317735 1.767421484 -0.000583628 0.219271094 0.062012069 0.973691165
1403636715163555584.000000 1.244060516 -0.323185891 1.694302559 -0.033015553 0.104234315 0.005785049 0.993987799
1403636716813555456.000000 1.199507594 -0.307860613 1.588682294 -0.004293197 0.082965933 0.003948914 0.996535361
1403636718113555456.000000 1.153358221 -0.263328850 1.465058208 -0.008039823 -0.056866199 -0.069106482 0.995954752
1403636719063555840.000000 1.068559408 -0.202935591 1.386359692 -0.010183188 -0.166397527 -0.085249752 0.982313931
1403636719763555840.000000 1.022104263 -0.168179601 1.329622507 -0.006493145 -0.160313115 -0.073093273 0.984334767
1403636720663555584.000000 0.989312887 -0.129041493 1.255155921 -0.016284157 -0.157492846 -0.068353675 0.985017061
1403636721463555584.000000 0.983070552 -0.111057661 1.209945440 -0.002904379 -0.070272543 -0.036825612 0.996843636
1403636722913555712.000000 0.993838012 -0.071648166 1.118941545 -0.007367608 -0.023599986 -0.040459260 0.998875320
1403636728113555456.000000 0.914992392 -0.129339501 0.800528407 -0.002335764 0.099243328 -0.006050604 0.995042086
1403636729313555456.000000 0.851241827 -0.121187896 0.713444710 0.001284822 0.032900557 -0.022244953 0.999210238
1403636730613555456.000000 0.772212565 -0.083993591 0.597139180 -0.029739322 0.025676962 -0.016852703 0.999085724
1403636731863555584.000000 0.730777562 -0.078322001 0.553758502 -0.007405701 0.025895702 -0.006196159 0.999618053
1403636733063555840.000000 0.722487330 -0.040909056 0.507173240 0.008328409 0.025801275 -0.028310101 0.999231458
1403636734263555840.000000 0.653317750 -0.032574438 0.387517780 -0.002811375 0.020366039 -0.024289520 0.999493539
1403636735413555712.000000 0.579001486 -0.015780414 0.293381184 -0.021325193 0.013157198 -0.014354180 0.999583006
1403636737013555456.000000 0.500305295 -0.043224234 0.228890345 -0.003812068 -0.028260916 -0.049089789 0.998387218
1403636738213555456.000000 0.431629598 -0.051548503 0.181914613 -0.018308453 -0.045607697 -0.029755125 0.998348296
1403636739363555584.000000 0.440374255 -0.044388428 0.192253888 -0.007640670 0.160212100 0.037996631 0.986321449
1403636740313555456.000000 0.484329551 -0.015054199 0.202483729 -0.006706578 0.242550656 0.051101394 0.968768775
1403636741163555584.000000 0.512191415 0.036055017 0.211873963 0.000008535 0.239476353 0.038886085 0.970123172
1403636741913555712.000000 0.524048746 0.091160402 0.217281833 -0.015867971 0.254299313 0.062770151 0.964955986
1403636742963555584.000000 0.545854688 0.120975025 0.242476910 0.001288482 0.231750146 0.059997365 0.970922530
1403636744213555456.000000 0.608815014 0.176046759 0.326041251 0.001005955 0.285373032 0.074960217 0.955480099
1403636745263555840.000000 0.664893270 0.288431525 0.405508578 -0.011610558 0.279897481 0.081553176 0.956489265
1403636746213555456.000000 0.699912846 0.288020223 0.425572574 0.001465082 0.316346675 0.061412033 0.946652651
1403636747963555584.000000 0.652300835 0.212446660 0.461796105 -0.001476080 0.308192313 0.097547948 0.946308494
1403636748963555584.000000 0.647320092 0.150241673 0.490519524 0.006210211 0.315845937 0.109014563 0.942506611
1403636750113555456.000000 0.666799784 0.104501389 0.488871276 0.020372225 0.323876530 0.077805988 0.942674518
1403636751863555584.000000 0.601139247 -0.023108914 0.412265539 -0.018375592 0.280682176 0.101464890 0.954245627
1403636753263555840.000000 0.598199546 -0.093934670 0.391184568 -0.012523530 0.075542726 -0.023412611 0.996788979
1403636754463555584.000000 0.544152260 -0.097341061 0.376920700 0.009708047 0.021075893 -0.032943044 0.999187827
1403636756163555584.000000 0.374581218 -0.072324298 0.263577133 -0.003950284 -0.054661918 -0.053845353 0.997044206
1403636757163555584.000000 0.255512863 -0.055349130 0.180682570 0.001282531 -0.064171068 -0.051456008 0.996610641
1403636758163555584.000000 0.134997010 -0.040784776 0.078028470 -0.011024781 -0.101251945 -0.063592985 0.992765069
1403636759013555456.000000 0.038881693 -0.023479279 0.042955142 -0.008838931 -0.103952318 -0.051010896 0.993233979
1403636759713555456.000000 0.012094676 0.008950735 0.042062473 -0.001465468 -0.106160626 -0.058262087 0.992639542
1403636760863555584.000000 0.011196520 0.043168843 0.024242254 -0.012833440 -0.102412507 -0.073241301 0.991959035
1403636761663555584.000000 -0.008816457 0.057478722 0.021980049 -0.007914821 -0.107076071 -0.061314572 0.992326856
1403636762463555584.000000 -0.026833666 0.051528260 0.021771824 -0.039107140 -0.098928720 -0.068808235 0.991942167
1403636763113555456.000000 -0.030072166 0.067615800 0.030036483 0.002923010 -0.077228524 -0.018342199 0.996840417
1403636763663555584.000000 -0.029439710 0.067608275 0.029953605 0.003415823 -0.068880111 -0.009398549 0.997574806
