0.000000 0.000000000 0.000000000 0.000000000 -0.000000000 -0.000000000 -0.000000000 1.000000000
0.000000 -0.017238233 -0.014823141 0.029847072 -0.014946672 0.007001829 -0.002365707 0.999861002
0.000000 -0.021165065 -0.017536849 0.034027893 -0.017650127 0.008472968 -0.004272386 0.999799192
0.000000 -0.041122809 -0.027709292 0.053481914 -0.016948543 0.013520609 -0.009517685 0.999719679
0.000000 -0.054650407 -0.032749034 0.063281953 -0.015945328 0.012663230 -0.007938495 0.999761164
0.000000 -0.070369959 -0.038109452 0.071340300 -0.015436396 0.011082401 -0.004919431 0.999807358
0.000000 -0.087679699 -0.045433376 0.075921617 -0.016924392 0.010047673 -0.003027220 0.999801695
0.000000 -0.096412450 -0.048956729 0.078028381 -0.018145578 0.009554091 -0.002239960 0.999787211
0.000000 -0.131114066 -0.073021255 0.078258879 -0.019153297 0.010258782 -0.000526709 0.999763787
0.000000 -0.176149160 -0.097104579 0.081571504 -0.018737884 0.013312227 -0.000229527 0.999735773
0.000000 -0.200925335 -0.100331701 0.088180065 -0.019754972 0.020151017 -0.006227823 0.999582350
0.000000 -0.214634940 -0.100777552 0.090405390 -0.019726485 0.024451137 -0.010167289 0.999454677
0.000000 -0.229268566 -0.104630046 0.092409097 -0.017424110 0.025942124 -0.011407743 0.999446511
0.000000 -0.258037120 -0.106091551 0.093755700 -0.016030844 0.025953649 -0.011285055 0.999470890
0.000000 -0.289008707 -0.106132872 0.091552764 -0.021207117 0.030553766 -0.014122264 0.999208331
0.000000 -0.323298514 -0.106868304 0.091691874 -0.020593621 0.034305893 -0.016756421 0.999058664
0.000000 -0.380752385 -0.106198534 0.092147127 -0.017701579 0.039697524 -0.018113280 0.998890698
0.000000 -0.397281289 -0.104795992 0.092456110 -0.017398810 0.039743479 -0.017241165 0.998909652
0.000000 -0.431525856 -0.103283808 0.092623971 -0.016672239 0.039317831 -0.015171623 0.998972476
0.000000 -0.468041807 -0.099709354 0.093489625 -0.015660137 0.039560683 -0.013762039 0.998999655
0.000000 -0.502517462 -0.095526263 0.093534842 -0.016588235 0.049124442 -0.002745368 0.998651147
0.000000 -0.519341826 -0.092105702 0.094031721 -0.016999511 0.058791202 0.007099371 0.998100281
0.000000 -0.535343528 -0.088229604 0.095507368 -0.017531764 0.063904360 0.011914937 0.997730911
0.000000 -0.572559357 -0.077318318 0.098655097 -0.027483156 0.066106476 0.014008841 0.997335613
0.000000 -0.653204083 -0.061390996 0.111631379 -0.038503937 0.062702887 0.024030471 0.996999681
0.000000 -0.705752969 -0.060337085 0.128036976 -0.034150567 0.063375987 0.026429819 0.997054994
0.000000 -0.798340380 -0.076404087 0.176254645 -0.024944009 0.068229996 0.028036971 0.996963620
0.000000 -0.832913339 -0.091320276 0.200525194 -0.024135333 0.071882382 0.025463114 0.996795893
0.000000 -0.898140669 -0.137496769 0.257622033 -0.000562841 0.076316036 0.022659726 0.996825993
0.000000 -0.939670742 -0.158464640 0.284937680 -0.010303446 0.096798658 0.001697355 0.995249212
0.000000 -0.986526191 -0.164559126 0.302662224 -0.016988827 0.101412147 0.000205746 0.994699419
0.000000 -1.078146100 -0.172268882 0.334146351 -0.014445679 0.114048436 -0.004893490 0.993358135
0.000000 -1.117406130 -0.173029140 0.347914547 -0.012737050 0.112757675 -0.001492569 0.993539810
0.000000 -1.230483413 -0.172328979 0.380583376 -0.009168857 0.115474105 0.002809130 0.993264198
0.000000 -1.254160285 -0.170632377 0.388116062 -0.008077496 0.112560079 0.007477182 0.993583977
0.000000 -1.302743435 -0.166502342 0.401326388 -0.012494387 0.109571420 0.013875096 0.993803561
0.000000 -1.327268839 -0.164867625 0.406479180 -0.016186580 0.105888009 0.019691583 0.994051278
0.000000 -1.372986436 -0.160985246 0.417957664 -0.022389680 0.100596614 0.029350862 0.994242251
0.000000 -1.418156385 -0.157875463 0.432822466 -0.018213801 0.101535372 0.030781105 0.994188786
0.000000 -1.455406547 -0.157991633 0.446924239 -0.010892736 0.102376036 0.030584687 0.994215846
0.000000 -1.506901383 -0.153211862 0.465321124 -0.013745273 0.106976330 0.029668700 0.993723750
0.000000 -1.535987616 -0.149936348 0.476375878 -0.016408920 0.110043868 0.027714310 0.993404746
0.000000 -1.586772561 -0.145963237 0.500533760 -0.019602444 0.115946375 0.025691194 0.992729664
0.000000 -1.609853268 -0.149573013 0.513673782 -0.006289282 0.115336746 0.027022902 0.992938876
0.000000 -1.642095327 -0.149967149 0.529291093 -0.002307676 0.134370774 0.006545627 0.990906835
0.000000 -1.723829746 -0.139475316 0.550333381 -0.014816708 0.119041041 0.030737013 0.992302835
0.000000 -1.734217286 -0.136041433 0.549489379 -0.024032731 0.120677978 0.030562731 0.991930008
0.000000 -1.749667883 -0.133128047 0.551732481 -0.027917245 0.123052463 0.029327624 0.991573811
0.000000 -1.775383949 -0.150583908 0.548813701 -0.030945135 0.124992773 0.029733505 0.991229117
0.000000 -1.766392231 -0.161665916 0.553449035 -0.010347671 0.128201097 0.022955352 0.991428494
0.000000 -1.762307286 -0.165185541 0.554446042 -0.002303141 0.127829447 0.022157688 0.991545975
0.000000 -1.723074198 -0.160633013 0.546184719 -0.012122131 0.143421337 0.027862333 0.989195168
0.000000 -1.702775836 -0.158717945 0.538129032 -0.012618086 0.157227948 0.041606653 0.986604869
0.000000 -1.673176527 -0.156363830 0.531355500 -0.014661647 0.165395319 0.028535509 0.985705435
0.000000 -1.664084196 -0.159095511 0.531224072 -0.017655302 0.164651647 0.029212316 0.985760987
0.000000 -1.661881685 -0.167631209 0.532063305 -0.015145713 0.165287331 0.026776295 0.985765576
0.000000 -1.667893887 -0.178679287 0.538277924 -0.010463565 0.155817866 0.038019277 0.986998379
0.000000 -1.675931931 -0.199516311 0.541779876 -0.000486123 0.147169098 0.046772942 0.988004744
0.000000 -1.678848147 -0.209965855 0.543497026 0.009963556 0.147836626 0.045558680 0.987911701
0.000000 -1.668000221 -0.225463167 0.516786695 -0.010155804 0.152106419 0.042084616 0.987415493
0.000000 -1.655554414 -0.238097206 0.513596952 -0.013964170 0.149312958 0.048162863 0.987517595
0.000000 -1.647528410 -0.240134522 0.507999837 -0.018428268 0.166286424 0.068245433 0.983540475
0.000000 -1.637205720 -0.250883102 0.512147725 0.006361654 0.170205295 0.061793257 0.983448684
0.000000 -1.629462361 -0.255844831 0.513596296 0.027724527 0.169842929 0.062973537 0.983066142
0.000000 -1.622228622 -0.249529749 0.507911861 0.035490401 0.177941397 0.068721168 0.980996788
0.000000 -1.613660336 -0.211739570 0.476571351 -0.021303479 0.193535522 0.093367413 0.976408064
0.000000 -1.595875740 -0.199907959 0.453034252 -0.000354186 0.195469022 0.090374641 0.976536870
