1403636579763555840.000000 0.000000000 0.000000000 0.000000000 -0.000000000 -0.000000000 -0.000000000 1.000000000
1403636579913555712.000000 0.000147742 0.011110482 0.004232111 -0.006001994 0.005517160 -0.002771885 0.999962926
1403636579963555584.000000 0.000036318 0.015892869 0.005651444 -0.012048454 0.005527790 -0.002727401 0.999908447
1403636580113555456.000000 -0.000323458 0.031049451 0.010066411 -0.023431906 0.005269477 0.001826376 0.999709904
1403636580263555840.000000 -0.000745485 0.044880353 0.013653239 -0.030035740 0.004334474 0.002540414 0.999536216
1403636580463555584.000000 -0.001325673 0.058137946 0.015829165 -0.055873860 0.002747606 -0.002006662 0.998432040
1403636580663555584.000000 -0.002010459 0.053521853 0.013843400 -0.072325639 -0.000060575 -0.000926245 0.997380674
1403636586563555840.000000 0.001941897 0.022044612 -0.007951174 -0.201746106 0.042577203 0.013505155 0.978418767
1403636586863555584.000000 0.006847156 0.019952971 -0.008627416 -0.192075640 0.034947991 0.014371110 0.980652392
1403636587413555712.000000 0.016271872 0.018369058 -0.002625426 -0.195907116 0.027950978 0.006711509 0.980201066
1403636588013555456.000000 0.057381429 0.015731288 0.002700526 -0.195353404 0.060710732 0.027668120 0.978460908
1403636588263555840.000000 0.068272091 0.017393060 0.003912755 -0.205219120 0.065099783 0.030788450 0.976063132
1403636588963555584.000000 0.045332950 0.018160632 -0.000493928 -0.202114016 0.048718374 0.029723251 0.977697790
1403636589913555712.000000 -0.040364396 0.021986792 -0.009136435 -0.200195909 0.000897660 0.007227936 0.979728818
1403636590113555456.000000 -0.051041495 0.023169436 -0.010076206 -0.196242794 -0.014783603 0.007008167 0.980418861
1403636590713555456.000000 -0.030223558 0.020656815 -0.012703306 -0.187319458 0.007569157 0.002122128 0.982267618
1403636590913555712.000000 -0.012165969 0.020440720 -0.011857118 -0.196685448 0.013907096 0.008988738 0.980326831
1403636591613555456.000000 0.036036789 0.022877537 -0.002848015 -0.191205338 0.040521599 0.020322898 0.980502665
1403636591813555456.000000 0.039639723 0.023252642 0.001131491 -0.150343329 0.064883403 0.018036487 0.986337543
1403636592063555840.000000 0.043676991 0.021412296 0.005846326 -0.142738208 0.088121459 0.030931741 0.985344410
1403636592263555840.000000 0.049102537 0.019388292 0.013920371 -0.159806862 0.103382438 0.042397488 0.980803907
1403636593413555712.000000 -0.028515905 0.018894041 0.019497111 -0.175243020 -0.110714689 -0.008100025 0.978246689
1403636593613555456.000000 -0.032673635 0.026616195 0.002075061 -0.183655187 -0.096364096 -0.003815843 0.978248537
1403636593863555584.000000 -0.019635160 0.034683507 -0.015546375 -0.195989713 -0.031299699 0.028772097 0.979683876
1403636594163555584.000000 0.012094691 0.036463950 -0.023369480 -0.172991872 0.082873426 0.067024939 0.979139149
1403636594413555712.000000 0.040634841 0.032949183 -0.011160266 -0.172495276 0.134620786 0.070466101 0.973220050
1403636594663555584.000000 0.059004582 0.025367059 0.011514975 -0.148804054 0.138607860 0.064875253 0.976952612
1403636595963555584.000000 0.015654627 0.040164344 -0.003570706 -0.165278062 0.001871670 0.000848576 0.986244857
1403636596213555456.000000 0.028907236 0.045325957 -0.018218601 -0.173751861 0.061300367 0.022573272 0.982620478
1403636596463555584.000000 0.014297586 0.046281014 -0.036905479 -0.163368106 0.066637076 0.027614990 0.983924747
1403636596713555456.000000 -0.001496818 0.047281176 -0.050331824 -0.160976559 0.061591581 0.017557509 0.984878063
1403636597263555840.000000 0.008002447 0.035571214 -0.008487868 -0.175093055 0.042903785 -0.003449921 0.983610630
1403636598313555456.000000 -0.005297744 0.039494086 -0.002884095 -0.181975678 -0.067546323 -0.053815961 0.979503036
1403636598563555840.000000 0.000549635 0.045974240 0.000579420 -0.180123195 -0.058620591 -0.059502136 0.980091214
1403636598813555456.000000 0.005143294 0.047883522 0.018546542 -0.133288741 -0.085703440 -0.054897256 0.985837400
1403636599063555840.000000 0.008573008 0.054184262 0.035107553 -0.084792502 -0.094811045 -0.048819978 0.990675390
1403636599613555456.000000 0.010178942 0.060551021 0.050813261 -0.007534808 -0.085483685 -0.032284118 0.995787859
1403636600463555584.000000 0.011631584 0.062176116 0.051452227 0.018777838 -0.086278751 -0.018255616 0.995926797
1403636623813555456.000000 0.011875190 0.062162329 0.051546216 0.019064387 -0.085028879 -0.017589748 0.996040761
1403636624313555456.000000 0.011984870 0.062173374 0.051477768 0.015664412 -0.081882730 -0.018139718 0.996353745
1403636624513555456.000000 0.013803990 0.062566638 0.050339993 -0.002391494 -0.075455703 -0.019256668 0.996960342
1403636624763555840.000000 0.018854814 0.063671470 0.047620770 -0.000902721 -0.068103991 -0.030403856 0.997214496
1403636625063555840.000000 0.027948802 0.061234999 0.038643654 -0.031617992 -0.056417752 -0.069974661 0.995450139
1403636625363555584.000000 0.029969048 0.048265807 0.030252807 -0.028660271 -0.065007351 -0.054527204 0.995981634
1403636625713555456.000000 0.028774625 0.047912136 0.033220749 -0.031433772 -0.068496600 -0.057114471 0.995518982
1403636627413555712.000000 0.037156288 -0.004693104 0.029938146 -0.006200825 -0.083345912 -0.052481886 0.995118439
1403636627763555840.000000 0.045098152 -0.010273984 0.023392553 -0.022549674 -0.060141161 -0.042853884 0.997014582
1403636628513555456.000000 0.062198587 -0.028376032 0.030851861 -0.003852836 -0.025963789 -0.015718577 0.999531865
1403636628863555584.000000 0.077174574 -0.034274433 0.035101864 -0.015655339 -0.014827415 -0.022504387 0.999514163
1403636629213555456.000000 0.096115060 -0.042600188 0.041397534 -0.027294260 0.011889449 -0.020024689 0.999356151
1403636629563555840.000000 0.116509184 -0.048172947 0.054920517 -0.012119514 0.041950479 0.008048281 0.999013782
1403636629863555584.000000 0.140075520 -0.042236302 0.070192099 -0.035261121 0.102938153 0.021855867 0.993822277
1403636630113555456.000000 0.163076892 -0.040092304 0.087917276 -0.030685648 0.141199365 0.031819668 0.988993764
1403636630613555456.000000 0.206632882 -0.063976809 0.121785015 -0.016409857 0.156922296 0.024344778 0.987174511
1403636630863555584.000000 0.227453768 -0.075456440 0.138503999 -0.018673075 0.149496406 0.023947082 0.988295853
1403636631963555584.000000 0.305741072 -0.091581121 0.230417386 -0.014934844 0.139527917 0.015390170 0.989985943
1403636632263555840.000000 0.321348786 -0.099790618 0.253789395 -0.009603796 0.143234804 0.010700455 0.989584327
1403636632863555584.000000 0.340621293 -0.099250741 0.305422366 -0.028629091 0.086283527 0.017266588 0.995709479
1403636633613555456.000000 0.368641496 -0.113727249 0.381930321 -0.032015070 0.025114879 -0.010902915 0.999112368
1403636633913555712.000000 0.380244046 -0.122294381 0.419789374 -0.030087855 0.031734247 -0.001728565 0.999041915
1403636634263555840.000000 0.398639381 -0.138402224 0.465705097 -0.028462594 0.033625972 0.000875230 0.999028742
1403636634863555584.000000 0.435591251 -0.167231604 0.547838211 -0.010844757 0.014400678 -0.025191994 0.999520063
1403636635313555456.000000 0.456889331 -0.190371916 0.603207588 -0.024509365 -0.005627316 -0.030243939 0.999226213
1403636635813555456.000000 0.476631522 -0.221032768 0.672333181 -0.017242391 -0.010727718 -0.010533615 0.999738336
1403636636113555456.000000 0.496079266 -0.252734870 0.710915208 -0.031917132 -0.007222270 -0.013614287 0.999371707
1403636636413555712.000000 0.517078996 -0.289615631 0.751562357 0.001475191 -0.001769123 -0.030027946 0.999546409
1403636636763555840.000000 0.539847374 -0.318723708 0.794564486 0.012486020 0.006234089 -0.053641059 0.998462737
1403636637163555584.000000 0.550931692 -0.326650292 0.834964991 -0.005691306 -0.004963591 -0.035097033 0.999355376
1403636637663555584.000000 0.554564118 -0.338698030 0.877617180 -0.023414746 -0.011728683 -0.031856835 0.999149323
1403636637963555584.000000 0.554619908 -0.362893701 0.899715543 -0.013144145 -0.013954076 -0.033747762 0.999246538
1403636638313555456.000000 0.554443121 -0.372911662 0.931181490 -0.007025933 -0.016626485 -0.031856477 0.999329448
1403636638663555584.000000 0.557360172 -0.371740729 0.965795040 -0.048052918 -0.021164374 -0.021029579 0.998399079
1403636639013555456.000000 0.565332413 -0.390697747 1.006906509 -0.023765830 -0.023622656 -0.018871386 0.999260247
1403636639313555456.000000 0.578177810 -0.404675394 1.045594931 -0.025413178 -0.029158687 -0.003995028 0.999243736
1403636639663555584.000000 0.601622581 -0.403111935 1.100230932 -0.016116604 -0.017035859 -0.043837931 0.998763382
1403636641263555840.000000 0.672491610 -0.445522100 1.269040108 -0.005650648 -0.057226416 -0.050096884 0.997087538
1403636641513555456.000000 0.679733455 -0.444610894 1.289042830 -0.006809179 -0.058985684 -0.038730491 0.997483969
1403636642013555456.000000 0.694804490 -0.455911219 1.317373991 -0.003151004 -0.046550084 -0.043126997 0.997979581
1403636642263555840.000000 0.702891409 -0.466896504 1.326241255 0.000068639 -0.027533805 -0.036807433 0.998942971
1403636643413555712.000000 0.735743284 -0.469400823 1.364838362 -0.016146323 0.000233588 -0.019829817 0.999672949
1403636643763555840.000000 0.747754157 -0.480874091 1.376872420 -0.037918974 -0.002741241 -0.023026375 0.999011755
1403636643963555584.000000 0.755479693 -0.491359383 1.388444901 -0.047561243 -0.002888673 -0.026748465 0.998505950
1403636644213555456.000000 0.764964223 -0.500687361 1.410778046 -0.043181743 -0.003414720 -0.025036322 0.998747647
1403636644463555584.000000 0.774754345 -0.506758690 1.441501856 -0.009601492 -0.010716052 0.000097266 0.999896467
1403636645813555456.000000 0.876926363 -0.502826810 1.620358348 -0.036730941 0.005711565 -0.024662443 0.999004483
1403636646063555840.000000 0.894034743 -0.522793949 1.664159060 -0.026139302 0.011849806 -0.012462805 0.999510407
1403636646263555840.000000 0.909369349 -0.541544795 1.698833823 -0.011885501 0.046641231 0.012098084 0.998767734
1403636646513555456.000000 0.934205234 -0.560016155 1.741588593 0.010565259 0.111357041 0.030390810 0.993259490
1403636646913555712.000000 0.975067794 -0.594501019 1.792372346 0.007103954 0.155953065 0.032543454 0.987202644
1403636647263555840.000000 1.008294582 -0.620747566 1.826409340 -0.007743702 0.157688260 0.033163834 0.986901581
1403636647613555456.000000 1.042401791 -0.636094213 1.857383251 0.012298529 0.146701142 0.040754404 0.988264441
1403636647963555584.000000 1.077334642 -0.646503091 1.878848076 0.006985307 0.166296378 0.040349174 0.985225201
1403636648363555584.000000 1.123969197 -0.643722892 1.894703627 0.006161647 0.256443173 0.071252808 0.963909745
1403636648763555840.000000 1.169044614 -0.629391074 1.901954889 -0.001516536 0.338013947 0.098448791 0.935976565
1403636649563555840.000000 1.246184826 -0.666430831 1.890502214 -0.001621038 0.341444314 0.091738738 0.935412824
1403636650063555840.000000 1.286741138 -0.697473824 1.871690273 0.014025765 0.366706014 0.096219711 0.925241470
1403636650563555840.000000 1.317229271 -0.689016342 1.849644423 0.001087594 0.458819270 0.135268584 0.878172100
1403636651013555456.000000 1.336014032 -0.673906624 1.825840592 0.007311314 0.499018997 0.142321408 0.854793072
1403636651763555840.000000 1.344308376 -0.674458385 1.775613785 0.014066780 0.485563993 0.140926272 0.862652600
1403636652363555584.000000 1.337681055 -0.637070775 1.726521254 -0.001786899 0.602564692 0.194831163 0.773920715
1403636652913555712.000000 1.337636352 -0.607567549 1.669822335 -0.022621550 0.653426468 0.227611393 0.721605957
1403636653263555840.000000 1.351397276 -0.597872198 1.634510756 -0.005194269 0.654586136 0.203829542 0.727972209
1403636653863555584.000000 1.370215178 -0.592395723 1.581808567 0.008054603 0.644996226 0.184002757 0.741658926
1403636654163555584.000000 1.372889876 -0.581213295 1.560990334 0.011340310 0.644263506 0.193270862 0.739893436
1403636654463555584.000000 1.369184017 -0.574486494 1.537640572 0.003752972 0.673678875 0.204671130 0.710107327
1403636654763555840.000000 1.362279415 -0.575919628 1.511725783 -0.002470488 0.705367684 0.227333874 0.671393812
1403636654913555712.000000 1.357033849 -0.573012650 1.501449585 -0.004286855 0.714640498 0.230291277 0.660482049
1403636655363555584.000000 1.341314077 -0.557498097 1.475393295 0.018664243 0.731963456 0.217811421 0.645321131
1403636655513555456.000000 1.332948446 -0.552246094 1.466844201 0.021141620 0.740997195 0.221428335 0.633597434
1403636655813555456.000000 1.308590770 -0.539924979 1.449800611 0.007438785 0.757567048 0.257437706 0.599802196
1403636655963555584.000000 1.296579361 -0.526301503 1.441289186 0.008730127 0.772208691 0.268058687 0.575987935
1403636656113555456.000000 1.285376549 -0.514327884 1.431315422 0.009034433 0.785668015 0.271534890 0.555799365
1403636656263555840.000000 1.273561716 -0.508033276 1.419589400 0.002877948 0.793258965 0.273823440 0.543831468
1403636656413555712.000000 1.262618423 -0.505762517 1.405323982 -0.000861346 0.795382202 0.276603580 0.539311469
1403636656613555456.000000 1.249639630 -0.506518722 1.384196281 -0.002654865 0.796270728 0.272630662 0.540017009
1403636656913555712.000000 1.232708335 -0.501186490 1.352875233 0.012352365 0.801695347 0.243502095 0.545746028
1403636657063555840.000000 1.222650409 -0.493635833 1.339935064 0.018039457 0.800421178 0.240479395 0.548789740
1403636657213555456.000000 1.210246682 -0.485846132 1.327811122 0.024591254 0.797489941 0.244153380 0.551175416
1403636657363555584.000000 1.195798635 -0.478773773 1.315589905 0.022024706 0.794401765 0.252934903 0.551783323
1403636657663555584.000000 1.163536668 -0.463672221 1.289010286 0.014299196 0.788104236 0.272955954 0.551527262
1403636657813555456.000000 1.146784067 -0.452703834 1.275006533 0.017166285 0.789726198 0.274614662 0.548292518
1403636657963555584.000000 1.130110025 -0.441180915 1.259657860 0.021678580 0.788049102 0.286528081 0.544435799
1403636658113555456.000000 1.113711476 -0.431375057 1.240719080 0.012856269 0.791300952 0.283490092 0.541581750
1403636658263555840.000000 1.097877026 -0.423650920 1.219521284 0.000215379 0.796139300 0.275640756 0.538687646
1403636658413555712.000000 1.083728790 -0.413673341 1.197220802 -0.006918229 0.798057616 0.273381650 0.536953270
1403636658563555840.000000 1.070176840 -0.402412236 1.176619053 -0.016772591 0.800651073 0.267669201 0.535751581
1403636658713555456.000000 1.058998466 -0.390614897 1.156497717 -0.021924606 0.802648067 0.262492687 0.535138190
1403636659013555456.000000 1.042292118 -0.367384434 1.123039722 -0.010778187 0.807702005 0.249354929 0.534156621
1403636659163555584.000000 1.035238862 -0.353355765 1.109514713 -0.000204436 0.808858454 0.244827852 0.534609616
1403636659313555456.000000 1.026854515 -0.340161085 1.098774195 0.000672385 0.808183968 0.246338904 0.534934938
1403636659463555584.000000 1.017401099 -0.328591079 1.089415908 -0.007688197 0.805162370 0.255029291 0.535363913
1403636659613555456.000000 1.009012699 -0.321847081 1.079057217 -0.009496070 0.805351317 0.255553395 0.534800470
1403636659763555840.000000 1.000856280 -0.313272774 1.071035147 -0.006836356 0.808087170 0.251023203 0.532856226
1403636659913555712.000000 0.993028522 -0.302455097 1.065282345 -0.007148999 0.808893025 0.252103031 0.531116843
1403636660063555840.000000 0.985553980 -0.290126324 1.061780334 -0.015035161 0.806745410 0.262858987 0.528999925
1403636660213555456.000000 0.979460359 -0.276740193 1.059247494 -0.020215660 0.805156410 0.269274443 0.528020501
1403636660413555712.000000 0.974165678 -0.260301530 1.056777716 -0.033203930 0.799895167 0.285224706 0.526983976
1403636660713555456.000000 0.978456616 -0.242674932 1.051389456 -0.024681397 0.807527959 0.262047410 0.527845204
1403636660963555584.000000 0.988105059 -0.222838610 1.053287268 -0.024127804 0.815237343 0.236426681 0.528117716
1403636661163555584.000000 0.996837139 -0.205826402 1.061220407 -0.009887003 0.813728452 0.241052896 0.528811634
1403636661363555584.000000 1.004211307 -0.192457587 1.072016478 -0.003166775 0.812945902 0.242752209 0.529320598
1403636661563555840.000000 1.010098696 -0.185517550 1.084136724 -0.002081574 0.811388493 0.246388420 0.530035019
1403636661763555840.000000 1.013890386 -0.185181975 1.096855521 0.005900945 0.809875071 0.249685109 0.530777693
1403636662213555456.000000 1.011064768 -0.200514793 1.119423151 0.008251890 0.809034228 0.248035520 0.532798171
1403636662763555840.000000 0.997828484 -0.206669375 1.156208277 0.009796850 0.802668393 0.275675863 0.528800726
1403636663213555456.000000 0.991227150 -0.196940765 1.180292249 0.010123974 0.795975208 0.299487323 0.525954664
1403636663413555712.000000 0.990442991 -0.189154208 1.182794094 -0.026620416 0.801572978 0.285208941 0.524812341
1403636663663555584.000000 0.997017622 -0.175100595 1.186212063 -0.044973683 0.800217628 0.287765503 0.524233043
1403636663863555584.000000 1.011384487 -0.164017439 1.188755512 -0.057880446 0.805466712 0.266893864 0.525966644
1403636664063555840.000000 1.033710241 -0.161717176 1.193351746 -0.055413041 0.811483800 0.240947545 0.529497743
1403636664313555456.000000 1.068457842 -0.166976646 1.207035065 -0.023750326 0.809285581 0.236527964 0.537165999
1403636664563555840.000000 1.103551149 -0.162346587 1.231835604 -0.008909537 0.804343581 0.235017493 0.545636177
1403636664863555584.000000 1.141561270 -0.162093103 1.266284227 -0.005357144 0.795922220 0.240580514 0.555517852
1403636665213555456.000000 1.180050015 -0.176745415 1.305238247 -0.009661004 0.784303010 0.260677665 0.562870085
1403636665463555584.000000 1.208037734 -0.192046076 1.329345942 -0.000430428 0.785486877 0.255283326 0.563773572
1403636665713555456.000000 1.235023737 -0.207167506 1.352727175 -0.019697556 0.790681124 0.245803609 0.560371161
1403636666013555456.000000 1.267145157 -0.230141714 1.385136843 0.012977238 0.790821791 0.254083812 0.556663334
1403636666263555840.000000 1.290426493 -0.243053973 1.413463116 0.010378228 0.793715775 0.248132020 0.555281937
1403636666663555584.000000 1.318051577 -0.257077813 1.455764771 0.004518805 0.787899613 0.256412774 0.559862733
1403636667213555456.000000 1.351313353 -0.279473543 1.500288248 0.003050724 0.783149123 0.259469122 0.565105259
1403636667613555456.000000 1.376985312 -0.281146556 1.530744433 -0.008427544 0.781560004 0.260048687 0.566981196
1403636668013555456.000000 1.403811812 -0.292107284 1.555701852 0.000385623 0.778741002 0.271098047 0.565745652
1403636668513555456.000000 1.445193529 -0.285405904 1.586488962 -0.014821420 0.789985359 0.260109603 0.555019319
1403636668963555584.000000 1.489828825 -0.275877565 1.620076418 -0.025162330 0.802075326 0.234788567 0.548558414
1403636669363555584.000000 1.531348348 -0.287796676 1.659977913 -0.002424429 0.801389456 0.241460338 0.547234833
1403636669863555584.000000 1.566143990 -0.297434449 1.728239655 0.035962060 0.800829768 0.232046112 0.550938308
1403636670563555840.000000 1.539579988 -0.329264104 1.786796927 0.097805247 0.749461472 0.281782776 0.591050029
1403636673313555456.000000 1.226041317 -0.271777630 1.308142304 -0.061119031 0.533635914 0.169779927 0.826239645
1403636675363555584.000000 1.353132367 -0.273046196 1.475464344 -0.053033751 0.478113025 0.143302321 0.864904523
1403636676013555456.000000 1.424430013 -0.293743640 1.571054697 0.006921562 0.396654278 0.128168300 0.908950210
1403636676713555456.000000 1.474084139 -0.296935767 1.682049274 -0.022864183 0.264825255 0.055639513 0.962418318
1403636676963555584.000000 1.485377192 -0.313662499 1.723474503 -0.014387548 0.239014506 0.067640297 0.968550384
1403636678713555456.000000 1.523241878 -0.378023982 1.925880671 -0.013419442 -0.017357325 -0.040886920 0.998922884
1403636679063555840.000000 1.525305510 -0.386346817 1.947773814 -0.010935733 -0.084898829 -0.100871779 0.991210103
1403636679463555584.000000 1.508490682 -0.388064384 1.966980696 -0.000087222 -0.194282576 -0.088373639 0.976956725
1403636679813555456.000000 1.497551441 -0.401169837 1.971723795 -0.005069325 -0.243893743 -0.107366927 0.963827014
1403636680213555456.000000 1.489645958 -0.427777767 1.963141680 0.018524215 -0.235571593 -0.142422646 0.961186111
1403636680713555456.000000 1.462304831 -0.434270412 1.926072836 0.008361192 -0.220227033 -0.149053648 0.963957071
1403636681663555584.000000 1.363126040 -0.397915483 1.837494612 -0.003108145 -0.233424947 -0.114261128 0.965633214
1403636682613555456.000000 1.257887840 -0.373515815 1.739007592 -0.008951013 -0.239008874 -0.113153845 0.964360356
1403636683063555840.000000 1.208525181 -0.358333528 1.689825058 0.007169974 -0.230390534 -0.117102772 0.965999901
1403636683413555712.000000 1.171898484 -0.342830271 1.645704627 -0.000436228 -0.237666711 -0.110192902 0.965076089
1403636683763555840.000000 1.135386944 -0.316607386 1.600593448 -0.011627600 -0.242340863 -0.109060504 0.963971734
1403636684213555456.000000 1.091583133 -0.299775064 1.543423533 -0.009638207 -0.250693798 -0.109262198 0.961832345
1403636684613555456.000000 1.056147337 -0.292732954 1.492611647 -0.001725859 -0.259468317 -0.101023637 0.960451722
1403636685013555456.000000 1.031509876 -0.267292112 1.445389152 0.002206255 -0.255522460 -0.113154478 0.960155964
1403636685313555456.000000 1.016430378 -0.253370017 1.405309916 -0.006494546 -0.245771706 -0.123508371 0.961405098
1403636685663555584.000000 0.995210767 -0.239181206 1.355802774 -0.008251292 -0.241330624 -0.116471164 0.963392913
1403636686713555456.000000 0.924679518 -0.179448545 1.218700647 -0.021143822 -0.243799314 -0.109458223 0.963396966
1403636688063555840.000000 0.855536103 -0.114068955 1.097308993 -0.003854899 -0.250388801 -0.112481125 0.961581290
1403636688413555712.000000 0.845221698 -0.085488848 1.069227099 -0.006955607 -0.251835942 -0.109055974 0.961580515
1403636688713555456.000000 0.836142361 -0.059742387 1.046012998 -0.004356629 -0.246905670 -0.126752019 0.960704207
1403636689013555456.000000 0.820953310 -0.034700919 1.019877195 -0.013193415 -0.261607230 -0.126000822 0.956823587
1403636689363555584.000000 0.798789799 -0.023155637 0.985402942 -0.025261922 -0.283252001 -0.123253830 0.950756848
1403636689663555584.000000 0.777694464 -0.028039608 0.958614647 -0.034142107 -0.289956033 -0.121865183 0.948635221
1403636690013555456.000000 0.752400935 -0.035409667 0.939452469 -0.046009496 -0.294075727 -0.095518015 0.949883640
1403636690313555456.000000 0.735207677 -0.041305460 0.939711630 -0.040737793 -0.283609152 -0.116704457 0.950939775
1403636690663555584.000000 0.713922799 -0.057591893 0.950656354 -0.038937747 -0.288656682 -0.097349904 0.951674461
1403636690963555584.000000 0.701619029 -0.060116753 0.974752843 -0.019259023 -0.304090261 -0.050958015 0.951084375
1403636691213555456.000000 0.708981752 -0.065518849 1.000455499 0.020051187 -0.305502236 -0.054046266 0.950444818
1403636691513555456.000000 0.740882456 -0.081581369 1.022088766 0.008401109 -0.296766877 -0.100514129 0.949608207
1403636691963555584.000000 0.802484155 -0.115501776 1.038551211 -0.002417104 -0.296218663 -0.119101562 0.947662115
1403636692363555584.000000 0.857327461 -0.141340420 1.047466636 -0.002205622 -0.292443126 -0.121500283 0.948530376
1403636692763555840.000000 0.909008622 -0.183690831 1.044363379 -0.007575083 -0.281645894 -0.138056725 0.949504375
1403636693463555584.000000 0.963817477 -0.231285766 1.031633139 -0.039386049 -0.285219669 -0.134664223 0.948137164
1403636694013555456.000000 0.973975658 -0.246952802 1.048878074 -0.016649799 -0.292540908 -0.124591932 0.947955430
1403636695413555712.000000 0.982206881 -0.271501034 1.117956161 -0.012181300 -0.284064054 -0.120669998 0.951103568
1403636695863555584.000000 0.988417566 -0.281848699 1.136629105 -0.007707356 -0.277790517 -0.124317899 0.952532470
1403636696663555584.000000 0.988029242 -0.271998078 1.163430333 0.000485440 -0.274264485 -0.114812158 0.954775870
1403636697863555584.000000 0.961792946 -0.277018726 1.119405031 -0.012882227 -0.216208056 -0.114529565 0.969521105
1403636698463555584.000000 0.920918941 -0.261704475 1.085544705 -0.015309141 -0.138267145 -0.082366019 0.986845374
1403636699163555584.000000 0.865365684 -0.222278953 1.060411453 -0.017230803 0.036980372 -0.002575561 0.999164104
1403636700413555712.000000 0.837685347 -0.186426371 1.031291008 -0.010829552 0.236863941 0.086941361 0.967584312
1403636701563555840.000000 0.890667081 -0.137136430 1.001308918 -0.014914803 0.283335865 0.079303175 0.955619931
1403636702763555840.000000 0.964471340 -0.091699287 0.996788621 -0.028668733 0.395258754 0.113853097 0.911035717
1403636703813555456.000000 1.048208594 -0.062592000 1.024827600 -0.010104819 0.387305677 0.112924963 0.914953649
1403636704813555456.000000 1.133006573 -0.054057494 1.045455337 -0.044112392 0.376515806 0.113339148 0.918392181
1403636705713555456.000000 1.240558743 -0.058702007 1.134444714 -0.032588061 0.375492603 0.103634365 0.920436442
1403636706463555584.000000 1.332009792 -0.075015798 1.230214596 -0.014520645 0.372034550 0.093834080 0.923349679
1403636707763555840.000000 1.473619461 -0.162147388 1.401768684 -0.025426710 0.382209837 0.119056158 0.916021168
1403636708513555456.000000 1.560649157 -0.184508011 1.534309149 0.008798100 0.365831226 0.130409002 0.921457350
1403636709163555584.000000 1.636692643 -0.196916923 1.617372990 0.005183634 0.396018833 0.085367002 0.914250910
1403636709663555584.000000 1.665263414 -0.215720192 1.675694942 -0.016264722 0.397735417 0.091732644 0.912757993
1403636710163555584.000000 1.674977660 -0.231551096 1.742400646 -0.013253449 0.389566898 0.087423280 0.916743815
1403636710663555584.000000 1.670086980 -0.236959577 1.819585085 0.003976134 0.338906854 0.111984782 0.934123039
1403636711113555456.000000 1.664739728 -0.234333798 1.876503468 -0.006630528 0.282264858 0.052515227 0.957875133
1403636711613555456.000000 1.645993948 -0.251602322 1.925192595 0.025435146 0.272889078 0.044605233 0.960674286
1403636712063555840.000000 1.606850147 -0.268594056 1.947531462 0.011352560 0.270770103 0.076957308 0.959495842
1403636712563555840.000000 1.554299951 -0.297318667 1.947632313 0.013192939 0.238102794 0.035421688 0.970504165
1403636713113555456.000000 1.482542157 -0.316889971 1.924200058 0.015040540 0.209285885 0.036017310 0.977075219
1403636713713555456.000000 1.398035884 -0.342897117 1.869348645 0.002020500 0.204482555 0.060317572 0.977007985
1403636714263555840.000000 1.336706519 -0.343401909 1.811398149 -0.000483023 0.217821375 0.057552531 0.974290192
1403636714913555712.000000 1.284795284 -0.322151095 1.746653914 -0.028706277 0.150181010 0.029505771 0.987801135
1403636716263555840.000000 1.234917879 -0.327884495 1.663974643 0.002434282 0.094394527 0.011410189 0.995466530
1403636716913555712.000000 1.223397732 -0.305267215 1.608199716 -0.004983931 0.063942127 -0.001042055 0.997940660
1403636717913555712.000000 1.190705538 -0.272181243 1.512300014 -0.008058363 -0.025443586 -0.061367352 0.997758389
1403636718813555456.000000 1.107932448 -0.221696973 1.427757502 -0.018833125 -0.164313957 -0.063297197 0.984194994
1403636719513555456.000000 1.057343125 -0.185358211 1.373495460 0.007882178 -0.167485520 -0.075731240 0.982929945
1403636720113555456.000000 1.025363445 -0.157103390 1.317883253 -0.013505852 -0.152864560 -0.070685200 0.985623479
1403636720613555456.000000 1.009431958 -0.131140396 1.279337525 -0.016957400 -0.157007158 -0.069219559 0.985022783
1403636721163555584.000000 1.002071738 -0.118619196 1.245455146 -0.009146286 -0.109117553 -0.049436677 0.992756665
1403636722063555840.000000 1.012023687 -0.093363285 1.195166588 -0.004339384 -0.035079323 -0.045172799 0.998353720
1403636723213555456.000000 1.009183884 -0.069383644 1.113505363 -0.007151871 -0.026227720 -0.033358578 0.999073684
1403636724263555840.000000 0.990608752 -0.045648355 1.031381488 -0.023450054 0.058566757 -0.003328517 0.998002470
1403636728013555456.000000 0.937119663 -0.126253173 0.819626033 -0.004246739 0.100692980 -0.011535482 0.994841635
1403636729063555840.000000 0.882926345 -0.129658625 0.742802799 0.003133252 0.045588978 -0.019784933 0.998759449
1403636730213555456.000000 0.812397718 -0.101561219 0.635793626 -0.014417329 0.027733056 -0.017894516 0.999351203
1403636731313555456.000000 0.750196874 -0.094942808 0.571716309 -0.007091161 0.022434592 0.001645904 0.999721825
1403636732563555840.000000 0.750669897 -0.047260746 0.546029329 0.007778546 0.033090353 -0.041410852 0.998563826
1403636733763555840.000000 0.699416399 -0.043596763 0.437143236 -0.013458902 0.019412983 -0.023675287 0.999440610
1403636734863555584.000000 0.625313461 -0.029347545 0.331698269 -0.018950488 0.012425564 -0.022377890 0.999492764
1403636735913555712.000000 0.564926267 -0.031437315 0.268734038 -0.016807800 0.025864398 -0.012564436 0.999445200
1403636737163555584.000000 0.500222266 -0.039548401 0.223452792 -0.004234431 -0.035884667 -0.041631952 0.998479426
1403636738063555840.000000 0.445361346 -0.043687433 0.186612144 -0.023243699 -0.050357547 -0.024569239 0.998158395
1403636739513555456.000000 0.456452459 -0.038890459 0.194945395 -0.009110614 0.200771675 0.044146482 0.978600442
1403636740513555456.000000 0.499563217 -0.004165886 0.207294226 -0.002975637 0.234437585 0.058844116 0.970344067
1403636741563555840.000000 0.527331650 0.073412366 0.216924801 -0.018541956 0.249865413 0.077485844 0.964997172
1403636742013555456.000000 0.537527144 0.099422514 0.218884602 -0.017886629 0.253971100 0.052501939 0.965620220
1403636742913555712.000000 0.553757668 0.120802894 0.242490083 0.000426664 0.231403455 0.058693789 0.971085668
1403636743663555584.000000 0.583145499 0.149386302 0.278014660 -0.028475078 0.252964616 0.073670015 0.964246213
1403636744813555456.000000 0.652822852 0.248595849 0.387058496 0.014565965 0.289999664 0.087811410 0.952878356
1403636745963555584.000000 0.708826125 0.303525716 0.430151701 0.002888378 0.301825076 0.065246403 0.951123655
1403636747063555840.000000 0.679473937 0.273692161 0.442680717 -0.018958734 0.291044146 0.099253170 0.951358318
1403636748813555456.000000 0.659027696 0.161334157 0.493615001 0.001858029 0.313777208 0.101736531 0.944028735
1403636750063555840.000000 0.680251598 0.106671825 0.495197773 0.020887634 0.325118393 0.076860771 0.942313194
1403636751413555712.000000 0.627752304 0.010280751 0.431739390 -0.017500523 0.301986039 0.087125637 0.949161351
1403636752563555840.000000 0.614274979 -0.072300926 0.404024065 -0.000825567 0.229235053 0.054309741 0.971854448
1403636754013555456.000000 0.579086483 -0.094188303 0.393932045 -0.003638267 0.013380808 -0.030554136 0.999436915
1403636755263555840.000000 0.482896507 -0.084017508 0.330417991 -0.000818335 -0.057548780 -0.057846501 0.996665061
1403636756313555456.000000 0.363303691 -0.073407277 0.254608542 -0.003008985 -0.056062367 -0.052863561 0.997022271
1403636757313555456.000000 0.242506355 -0.051776655 0.165104628 0.000126643 -0.063926205 -0.054522730 0.996464133
1403636758313555456.000000 0.114731848 -0.042423468 0.067837588 -0.003222435 -0.103541866 -0.059221815 0.992855251
1403636759063555840.000000 0.035668433 -0.022562146 0.043876737 -0.006861069 -0.105200931 -0.048590407 0.993239522
1403636759813555456.000000 0.012215625 0.011387941 0.040862646 0.000125976 -0.106834695 -0.058610305 0.992547810
1403636760413555712.000000 0.011391742 0.027002756 0.030355979 -0.001999580 -0.105959468 -0.057512727 0.992703855
1403636761113555456.000000 0.007975133 0.052174229 0.020808551 -0.025601959 -0.105050035 -0.069334283 0.991716623
1403636761813555456.000000 -0.014024336 0.056645919 0.023016948 -0.007930084 -0.112118885 -0.042949159 0.992734551
1403636762313555456.000000 -0.021968160 0.051011715 0.021788104 -0.025503505 -0.094652541 -0.083137348 0.991704941
1403636762813555456.000000 -0.037521929 0.065569140 0.033230770 -0.010907708 -0.110112600 -0.037606664 0.993147552
1403636763263555840.000000 -0.029915487 0.068614975 0.030914577 0.000939267 -0.068863772 -0.009811381 0.997577429
1403636763663555584.000000 -0.029851761 0.068489820 0.030950511 0.003277364 -0.068872608 -0.009135067 0.997578263
1403636763763555840.000000 -0.029895943 0.068470478 0.030913472 0.003224508 -0.068688415 -0.009501564 0.997587681
