0.000000 0.000000000 0.000000000 0.000000000 -0.000000000 -0.000000000 -0.000000000 1.000000000
0.000000 -0.017876882 -0.015298751 0.029642720 -0.015130724 0.007280983 -0.002401398 0.999856174
0.000000 -0.021726612 -0.017786095 0.033957329 -0.017681412 0.008698214 -0.004309691 0.999796569
0.000000 -0.042183295 -0.028212853 0.053504784 -0.017058823 0.013947250 -0.009588486 0.999711215
0.000000 -0.056184161 -0.033255152 0.063658468 -0.016009536 0.013263454 -0.008061177 0.999751389
0.000000 -0.072005056 -0.038818348 0.071651481 -0.015617198 0.011690923 -0.004947194 0.999797463
0.000000 -0.089593969 -0.045583654 0.076177746 -0.016784120 0.010765261 -0.003125356 0.999796331
0.000000 -0.098807901 -0.049277008 0.078370079 -0.018100267 0.010472545 -0.002380032 0.999778509
0.000000 -0.142376274 -0.080852054 0.077614032 -0.018562462 0.011642424 0.000452594 0.999759853
0.000000 -0.151527271 -0.087585770 0.076644488 -0.018384458 0.009389511 0.003426336 0.999781072
0.000000 -0.204112530 -0.101101272 0.089620471 -0.019764815 0.021228813 -0.006214041 0.999559939
0.000000 -0.233407468 -0.105346352 0.092967898 -0.017441699 0.027341187 -0.011253814 0.999410629
0.000000 -0.262679070 -0.107265696 0.094689541 -0.016172729 0.027623933 -0.011322495 0.999423444
0.000000 -0.293351918 -0.106766537 0.093546942 -0.021135923 0.032009847 -0.014106045 0.999164522
0.000000 -0.328439683 -0.107328169 0.093653753 -0.020392213 0.036130376 -0.016731754 0.998998940
0.000000 -0.386421204 -0.105736315 0.095120236 -0.017138250 0.041756827 -0.018208418 0.998814881
0.000000 -0.402695566 -0.104090601 0.095742464 -0.016651789 0.041719649 -0.017451659 0.998838127
0.000000 -0.437963754 -0.101632088 0.097052127 -0.015598817 0.041772664 -0.015363837 0.998887241
0.000000 -0.473588735 -0.097985007 0.098561496 -0.014515054 0.041647535 -0.013690154 0.998933136
0.000000 -0.524796724 -0.089259289 0.100858375 -0.015219964 0.060942050 0.006942917 0.998001158
0.000000 -0.579805791 -0.072625883 0.108386658 -0.024677111 0.069217876 0.013495001 0.997205019
0.000000 -0.619237483 -0.061973214 0.114444993 -0.033523321 0.067263938 0.018122438 0.997007251
0.000000 -0.693524122 -0.056136206 0.133977950 -0.033085722 0.064721458 0.026458807 0.997003734
0.000000 -0.742504120 -0.059898108 0.154924452 -0.026374185 0.068574816 0.025356257 0.996974885
0.000000 -0.799431205 -0.072660141 0.188980281 -0.022194592 0.069818601 0.027817652 0.996924758
0.000000 -0.844063818 -0.092905030 0.221492335 -0.019287139 0.073746979 0.025213517 0.996771634
0.000000 -0.872534573 -0.113900378 0.246778816 -0.008201499 0.077074401 0.022407714 0.996739805
0.000000 -0.897912443 -0.133172959 0.269553274 0.002310019 0.077972241 0.022332244 0.996702731
0.000000 -0.939727187 -0.153643876 0.297383159 -0.007254686 0.099028759 0.001038965 0.995057583
0.000000 -0.949240625 -0.156194210 0.301222771 -0.008798881 0.100308381 0.000195213 0.994917512
0.000000 -0.971981764 -0.158653468 0.310639709 -0.012437151 0.102256164 -0.000153630 0.994680345
0.000000 -1.027682304 -0.164960906 0.331294626 -0.012701732 0.106417142 0.000729306 0.994240165
0.000000 -1.058324337 -0.166762799 0.342196971 -0.010988574 0.112734869 -0.003410936 0.993558526
0.000000 -1.114011884 -0.168305829 0.360948056 -0.009733262 0.114578679 -0.001855047 0.993364751
0.000000 -1.156146288 -0.168528333 0.375064641 -0.007877007 0.114753380 0.000531746 0.993362665
0.000000 -1.224940896 -0.167567581 0.394260168 -0.005911427 0.117141485 0.002672802 0.993094087
0.000000 -1.299275637 -0.161899596 0.414810747 -0.009303986 0.112579659 0.013542972 0.993506908
0.000000 -1.321811676 -0.160306469 0.419785649 -0.012992006 0.108096741 0.019967148 0.993854940
0.000000 -1.368070483 -0.156856909 0.432264090 -0.019303571 0.103532873 0.029062903 0.994013906
0.000000 -1.411059856 -0.155913368 0.445214868 -0.016142586 0.103669144 0.030501489 0.994013011
0.000000 -1.466259837 -0.153684616 0.466071308 -0.007464304 0.105914772 0.030270470 0.993886352
0.000000 -1.499276519 -0.148480952 0.478775889 -0.010416042 0.109262183 0.029590532 0.993517876
0.000000 -1.527551889 -0.145777732 0.488992453 -0.013485380 0.112241045 0.027600011 0.993206143
0.000000 -1.553822279 -0.142799467 0.501803398 -0.015232155 0.115691938 0.026284533 0.992820442
0.000000 -1.578338265 -0.142653316 0.512766957 -0.017015560 0.118448883 0.025790507 0.992479324
0.000000 -1.601379633 -0.145899028 0.525928020 -0.003396668 0.118039697 0.026722118 0.992643476
0.000000 -1.714979768 -0.135954037 0.562853515 -0.011879032 0.122281976 0.031060327 0.991938174
0.000000 -1.724914789 -0.132556885 0.563010156 -0.021126794 0.123638734 0.031369828 0.991606295
0.000000 -1.739792943 -0.130359620 0.565152347 -0.025339827 0.125807390 0.030512841 0.991261542
0.000000 -1.759567618 -0.144027963 0.569709122 -0.000911467 0.127522767 0.026336407 0.991485536
0.000000 -1.766438007 -0.148624852 0.566035926 -0.011459221 0.126777247 0.030066691 0.991409242
0.000000 -1.767224431 -0.146715611 0.562234461 -0.027805850 0.129040271 0.029776879 0.990802109
0.000000 -1.752698898 -0.161245733 0.567599297 0.000587484 0.130932987 0.022784205 0.991129220
0.000000 -1.694590330 -0.155094415 0.551863968 -0.009618178 0.160722896 0.041620962 0.986074746
0.000000 -1.675326586 -0.152875096 0.546824574 -0.012061311 0.163563430 0.034565907 0.985853314
0.000000 -1.664016843 -0.152836621 0.544521630 -0.011847340 0.168163598 0.028759744 0.985268235
0.000000 -1.654194474 -0.157569289 0.543920875 -0.015408242 0.168131366 0.028570421 0.985230029
0.000000 -1.653772593 -0.167258531 0.547320962 -0.010199940 0.166032031 0.029361151 0.985630393
0.000000 -1.663495064 -0.185285866 0.554675996 -0.002627368 0.152697310 0.044700090 0.987258136
0.000000 -1.671871066 -0.212664098 0.553109825 0.018623410 0.153209269 0.042750765 0.987092972
0.000000 -1.665062904 -0.216417804 0.529588461 -0.011609050 0.152931124 0.044991605 0.987143934
0.000000 -1.656284332 -0.225943178 0.532427251 -0.001388482 0.154838413 0.042256501 0.987034738
0.000000 -1.652049541 -0.234197736 0.532457173 0.010830560 0.152134970 0.042314697 0.987394154
0.000000 -1.638959050 -0.236549333 0.520358682 -0.016074454 0.169043586 0.068271466 0.983109832
0.000000 -1.628890872 -0.246673286 0.525342703 0.009122535 0.173087090 0.061956629 0.982913554
0.000000 -1.620160818 -0.252661556 0.525438547 0.029860701 0.172211632 0.063180283 0.982578158
0.000000 -1.613704801 -0.246022806 0.520036876 0.037829433 0.180554211 0.068631113 0.980438113
0.000000 -1.608664751 -0.220592782 0.501786292 -0.006179169 0.184281155 0.085083082 0.979164541
0.000000 -1.603143334 -0.202789173 0.485931844 -0.016997466 0.197721675 0.093548790 0.975636125
0.000000 -1.586243987 -0.194984898 0.466096878 0.002803233 0.197258145 0.090223685 0.976186991
0.000000 -1.576836228 -0.189131379 0.460452974 0.004906748 0.210243061 0.074857891 0.974766731
