0.000000 0.000000000 0.000000000 0.000000000 -0.000000000 -0.000000000 -0.000000000 1.000000000
0.000000 -0.010402353 -0.014120490 0.053777501 0.028353075 0.003496948 -0.009461364 0.999547124
0.000000 -0.014067126 -0.021089751 0.078676693 0.042626433 0.007385361 -0.015488452 0.998943746
0.000000 -0.016705113 -0.027433209 0.102095060 0.059726767 0.018426294 -0.009963220 0.997994959
0.000000 -0.017355081 -0.031221755 0.113977261 0.069942743 0.025764219 -0.002282324 0.997215629
0.000000 -0.020107381 -0.040954500 0.147046596 0.085059553 0.044191286 0.027140208 0.995025337
0.000000 -0.022011312 -0.051290728 0.174431846 0.071953028 0.045195960 0.024631744 0.996079028
0.000000 -0.025406960 -0.057656173 0.193376467 0.075927556 0.043919243 0.020751117 0.995929480
0.000000 -0.029116062 -0.065850385 0.213665694 0.079683647 0.029081609 0.027857278 0.996006429
0.000000 -0.032133151 -0.071533315 0.228835359 0.081355721 0.016135564 0.031855140 0.996045291
0.000000 -0.036128849 -0.081922278 0.262267798 0.107928775 -0.020222018 0.021153180 0.993727803
0.000000 -0.037392683 -0.083450221 0.269856066 0.108308710 -0.026223781 0.018325178 0.993602395
0.000000 -0.039185613 -0.087034859 0.282289296 0.115687430 -0.047083184 0.022797899 0.991907179
0.000000 -0.042473782 -0.086936586 0.288967371 0.115508310 -0.054728467 0.026115334 0.991453826
0.000000 -0.045437776 -0.089549638 0.300705224 0.121526979 -0.074938938 0.032327160 0.989227176
0.000000 -0.049190715 -0.092743799 0.314533323 0.128031641 -0.114478245 0.047773264 0.983981907
0.000000 -0.051367402 -0.095210180 0.324149072 0.127713397 -0.140468195 0.067107506 0.979517519
0.000000 -0.053270370 -0.096507959 0.331444532 0.112328060 -0.159054622 0.085156456 0.977155268
0.000000 -0.061963353 -0.102912188 0.341677397 0.100123279 -0.202542171 0.093583450 0.969636083
0.000000 -0.066273116 -0.106887914 0.348962605 0.115473799 -0.227958336 0.093531728 0.962264359
0.000000 -0.069469526 -0.110555664 0.354802698 0.125518605 -0.245568186 0.087167852 0.957258105
0.000000 -0.071488030 -0.112024479 0.355767190 0.145386681 -0.248394236 0.088286467 0.953608155
0.000000 -0.073682368 -0.114251688 0.356363773 0.159239486 -0.241040781 0.068694666 0.954894364
0.000000 -0.074950092 -0.114692122 0.356453568 0.156728014 -0.248563826 0.062510729 0.953805387
0.000000 -0.076436795 -0.115199953 0.356015235 0.162702546 -0.258863181 0.055408902 0.950498581
0.000000 -0.077780694 -0.115200236 0.354638845 0.166266397 -0.284601927 0.047626551 0.942915142
0.000000 -0.078555405 -0.114965707 0.353282660 0.167449057 -0.301863939 0.042635065 0.937561333
0.000000 -0.079447232 -0.114533588 0.351536512 0.158902153 -0.327477872 0.040477991 0.930521309
0.000000 -0.081397302 -0.113444708 0.346576869 0.149077564 -0.378355742 0.027799714 0.913153887
0.000000 -0.090599433 -0.112193756 0.340541393 0.143004224 -0.407802254 0.005979971 0.901782393
0.000000 -0.090772763 -0.111982353 0.340271711 0.134291410 -0.408309460 0.000895637 0.902911067
0.000000 -0.091183692 -0.112248555 0.338412672 0.129775286 -0.411334395 -0.003871354 0.902190387
0.000000 -0.091251530 -0.112826355 0.338777840 0.152651474 -0.407191843 0.003234687 0.900489807
0.000000 -0.091241457 -0.113247946 0.339343578 0.167535767 -0.404617459 0.007790427 0.898974836
0.000000 -0.089435525 -0.113063633 0.341312706 0.142711729 -0.368335754 0.023265276 0.918379545
0.000000 -0.088638268 -0.113492176 0.342150927 0.144229218 -0.355583608 0.016168037 0.923307598
0.000000 -0.088742234 -0.113995083 0.342153013 0.149243191 -0.358265877 0.019562358 0.921406209
0.000000 -0.087900169 -0.115378536 0.340789676 0.148237646 -0.376180947 0.036317658 0.913889766
0.000000 -0.083984964 -0.114159003 0.342451394 0.138576567 -0.318693548 0.090721212 0.933274150
0.000000 -0.083652452 -0.113775596 0.342597693 0.143616945 -0.306899339 0.081851430 0.937276542
0.000000 -0.084133156 -0.112581529 0.341336936 0.109423712 -0.337513089 0.089234598 0.930671036
0.000000 -0.084319033 -0.112609528 0.340843618 0.103086822 -0.339617997 0.086041123 0.930929482
0.000000 -0.084808677 -0.113567427 0.340731829 0.136148646 -0.339917660 0.100127228 0.925145447
0.000000 -0.085087121 -0.114052363 0.340998530 0.142803341 -0.315220445 0.080755457 0.934730887
0.000000 -0.085765548 -0.114219099 0.340676486 0.137768328 -0.316681683 0.076903127 0.935317397
0.000000 -0.087556660 -0.114431128 0.339518249 0.130447075 -0.331463099 0.079949692 0.930980027
0.000000 -0.090208560 -0.115038469 0.338563144 0.132904455 -0.339598686 0.079300836 0.927750230
0.000000 -0.092521384 -0.115585253 0.337678760 0.135665715 -0.350916475 0.082830600 0.922817171
0.000000 -0.094649173 -0.115815967 0.336274683 0.135090664 -0.359350771 0.082371458 0.919691503
0.000000 -0.096680708 -0.115997642 0.334362984 0.133390859 -0.364453554 0.076591849 0.918430328
0.000000 -0.098331183 -0.116134822 0.332732320 0.131072491 -0.364536524 0.067502625 0.919443607
0.000000 -0.100362271 -0.115955882 0.330852896 0.138861910 -0.369950920 0.064587705 0.916341722
0.000000 -0.102447726 -0.116271064 0.327588022 0.126373395 -0.397002518 0.062840886 0.906901181
0.000000 -0.101598069 -0.117886357 0.322527915 0.092269190 -0.429310054 0.071548425 0.895578086
0.000000 -0.099983022 -0.119938239 0.319561541 0.069232650 -0.461693138 0.085100010 0.880229652
0.000000 -0.096572965 -0.121923938 0.315008670 0.044635378 -0.498071820 0.092058532 0.861079216
0.000000 -0.094248831 -0.121742614 0.311925888 0.017709430 -0.516985536 0.091900319 0.850862324
0.000000 -0.092967041 -0.122268133 0.309311897 0.010154594 -0.522426665 0.087494425 0.848122716
0.000000 -0.093207359 -0.124384038 0.306988269 0.017244665 -0.530874550 0.092839472 0.842173219
0.000000 -0.095817469 -0.126567274 0.306793094 0.035386492 -0.519498467 0.087301567 0.849262893
0.000000 -0.096584246 -0.127368107 0.305333912 0.032532420 -0.532690763 0.094012469 0.840442657
0.000000 -0.095508873 -0.128430307 0.305424303 0.016344223 -0.556847155 0.096375704 0.824842930
0.000000 -0.094201505 -0.130800247 0.302389830 -0.003523293 -0.565614581 0.093965001 0.819291294
0.000000 -0.094754227 -0.133426592 0.300849080 0.002824536 -0.582538605 0.113536835 0.804829359
0.000000 -0.093198933 -0.136518881 0.296393186 -0.000931477 -0.590998232 0.127116486 0.796593845
0.000000 -0.088147745 -0.139889956 0.285043418 -0.012932482 -0.592238247 0.121970393 0.796373010
0.000000 -0.080705076 -0.140745267 0.258520424 -0.031781465 -0.586742580 0.111644223 0.801410437
0.000000 -0.078221336 -0.139802963 0.250526965 -0.035637777 -0.579862833 0.099139228 0.807874024
0.000000 -0.077963203 -0.138909057 0.235105246 -0.041522332 -0.568202198 0.092505671 0.816617966
0.000000 -0.080422401 -0.142934829 0.201389700 -0.052094229 -0.545722544 0.090502426 0.831433892
0.000000 -0.082082681 -0.143574581 0.194377750 -0.050739937 -0.539165914 0.088068180 0.836044014
0.000000 -0.088715807 -0.148418620 0.164126992 -0.056450300 -0.521674514 0.090509802 0.846449673
0.000000 -0.091641828 -0.148783788 0.156896085 -0.054372255 -0.516849935 0.090581954 0.849532068
0.000000 -0.097911254 -0.150855511 0.140994713 -0.052187953 -0.501458347 0.086684711 0.859244883
0.000000 -0.106021158 -0.159460500 0.104842216 -0.059975170 -0.476998568 0.073230319 0.873792112
0.000000 -0.110697195 -0.162310421 0.094201282 -0.070553146 -0.484986007 0.088241354 0.867193341
0.000000 -0.121642753 -0.167384386 0.070147648 -0.095885217 -0.505499184 0.132496789 0.847184241
0.000000 -0.138137430 -0.173830181 0.043432642 -0.103734426 -0.501871765 0.155138120 0.844568551
0.000000 -0.141336054 -0.175581217 0.037378073 -0.101264745 -0.496261656 0.153935865 0.848394692
0.000000 -0.150894344 -0.183391854 0.003959829 -0.091495275 -0.455991298 0.115881868 0.877651393
0.000000 -0.150401801 -0.184250221 0.002326144 -0.087688789 -0.455831587 0.118575737 0.877763093
0.000000 -0.128005445 -0.179192096 0.008904787 -0.086847961 -0.451975286 0.099842705 0.882160544
0.000000 -0.124601789 -0.178461209 0.014725991 -0.079061136 -0.441418797 0.086541891 0.889611900
0.000000 -0.127419174 -0.179479420 0.012318620 -0.073308930 -0.440770119 0.088944040 0.890189052
0.000000 -0.133858830 -0.183328986 0.000854375 -0.077742562 -0.438890338 0.094292976 0.890191078
0.000000 -0.139895946 -0.187033772 -0.011458296 -0.095695630 -0.436780572 0.116334707 0.886866033
0.000000 -0.144061908 -0.190495253 -0.020610224 -0.107022807 -0.427824080 0.138908476 0.886688828
0.000000 -0.145412251 -0.195768431 -0.030392997 -0.109543756 -0.394359797 0.143120140 0.901108861
0.000000 -0.145307630 -0.197770283 -0.033610351 -0.107278861 -0.391502261 0.140412837 0.903051198
0.000000 -0.146034718 -0.199504077 -0.037040271 -0.107254133 -0.386547357 0.133784458 0.906189561
0.000000 -0.149282098 -0.202056929 -0.041042551 -0.111474499 -0.380833298 0.153210312 0.905022740
0.000000 -0.154757157 -0.202099353 -0.048005529 -0.140110701 -0.341577142 0.189526618 0.909820676
0.000000 -0.157549232 -0.200864866 -0.050983831 -0.144217536 -0.316975504 0.201527253 0.915486038
0.000000 -0.160652742 -0.200011164 -0.053243123 -0.155143797 -0.293296337 0.210856184 0.919482112
0.000000 -0.165000752 -0.199740142 -0.056669038 -0.164453834 -0.277805567 0.218728572 0.920834899
0.000000 -0.171754718 -0.201583341 -0.062254414 -0.172524273 -0.262894481 0.232241392 0.920427024
0.000000 -0.179257363 -0.205024943 -0.067370042 -0.185372695 -0.237473920 0.251962304 0.919651091
0.000000 -0.190222204 -0.210271478 -0.073657349 -0.196031287 -0.214669779 0.282441616 0.914174736
0.000000 -0.197269499 -0.215228125 -0.077860817 -0.205664396 -0.201201871 0.311406434 0.905674398
0.000000 -0.202087447 -0.219100520 -0.081760690 -0.224226192 -0.164705351 0.338807106 0.898779452
0.000000 -0.204282343 -0.221316159 -0.084856734 -0.234728947 -0.117999636 0.340575486 0.902766168
0.000000 -0.205906168 -0.226029962 -0.090082482 -0.260077387 -0.084311232 0.390568882 0.879037738
0.000000 -0.204783767 -0.229758009 -0.095902540 -0.287794530 -0.029418264 0.398307949 0.870436490
0.000000 -0.203936309 -0.232338175 -0.100614123 -0.295884192 -0.024089394 0.435524911 0.849817812
0.000000 -0.203080982 -0.235494867 -0.104560956 -0.320562333 -0.020440716 0.431087881 0.843199372
0.000000 -0.203200817 -0.234902680 -0.103379607 -0.304560423 -0.008197759 0.423361689 0.853194356
0.000000 -0.203403652 -0.233890027 -0.100891873 -0.291574240 -0.015520738 0.436183751 0.851168215
0.000000 -0.203378558 -0.233870074 -0.100496583 -0.275908262 -0.037616286 0.481269807 0.831167281
0.000000 -0.203272015 -0.233601511 -0.100452587 -0.256714612 -0.040568233 0.524567783 0.810728371
0.000000 -0.203283757 -0.233349562 -0.100052387 -0.253303170 -0.038349748 0.530799925 0.807847917
0.000000 -0.203252897 -0.233270526 -0.099802159 -0.249403343 -0.033432174 0.554300725 0.793366849
0.000000 -0.203365996 -0.233106479 -0.099551223 -0.227374494 -0.008755849 0.547305167 0.805407524
0.000000 -0.203268111 -0.233151406 -0.099548325 -0.229165986 -0.012263352 0.563321590 0.793726265
0.000000 -0.203332037 -0.233160809 -0.099745877 -0.252337843 0.012393249 0.567548275 0.783620417
0.000000 -0.203255698 -0.233365685 -0.100344844 -0.289267033 0.017619368 0.549365997 0.783716321
0.000000 -0.203171358 -0.233691275 -0.101073705 -0.302006632 0.020609140 0.537145793 0.787300229
0.000000 -0.203163415 -0.233663991 -0.101038307 -0.285797387 0.010095396 0.556474686 0.780098617
0.000000 -0.203068256 -0.233927056 -0.101902395 -0.276683241 0.000095641 0.571526885 0.772530496
0.000000 -0.202763334 -0.234235883 -0.103149831 -0.250955164 -0.035291351 0.597694218 0.760616660
0.000000 -0.202418044 -0.234632626 -0.104811095 -0.214251578 -0.075858906 0.644347072 0.730177104
0.000000 -0.201600760 -0.236694247 -0.110626906 -0.201114342 -0.076525643 0.655687034 0.723720491
0.000000 -0.201938674 -0.235192105 -0.109489337 -0.184577778 -0.082060963 0.629867971 0.749975562
0.000000 -0.201678768 -0.235823005 -0.110005595 -0.185874894 -0.082374923 0.649901748 0.732320011
0.000000 -0.202170029 -0.235529929 -0.108329788 -0.195236132 -0.066772699 0.639191806 0.740849555
0.000000 -0.202394053 -0.235687181 -0.107666343 -0.220892861 -0.051654376 0.635515571 0.738009572
0.000000 -0.202636957 -0.235765278 -0.106936596 -0.218580604 -0.021310939 0.622853041 0.750881195
0.000000 -0.202711359 -0.235728577 -0.106268637 -0.211557612 -0.020900568 0.593385994 0.776337266
0.000000 -0.202700734 -0.235655427 -0.106178656 -0.221147403 -0.027305922 0.570760965 0.790303886
0.000000 -0.202689722 -0.235665306 -0.106108442 -0.231703520 -0.033483826 0.539053440 0.809082091
0.000000 -0.202623174 -0.235675335 -0.106210202 -0.215073422 -0.033928469 0.520827293 0.825427890
0.000000 -0.202616721 -0.235705137 -0.106339596 -0.208292976 -0.061150301 0.490117967 0.844191372
0.000000 -0.202563897 -0.235803097 -0.106721342 -0.211752728 -0.102624245 0.448971987 0.862005353
0.000000 -0.202493578 -0.235911891 -0.107133061 -0.203423530 -0.153823107 0.400258541 0.880199075
0.000000 -0.202215746 -0.236111015 -0.107902721 -0.193343505 -0.198207587 0.373018116 0.885544777
0.000000 -0.199904278 -0.236941949 -0.114408232 -0.181407377 -0.241232455 0.344000459 0.889135540
0.000000 -0.198151708 -0.237540647 -0.117134839 -0.153620064 -0.293290913 0.332335114 0.883139133
0.000000 -0.195537165 -0.238140896 -0.121090099 -0.160968289 -0.308167517 0.342131078 0.872965217
0.000000 -0.191483259 -0.238985792 -0.128074065 -0.182898447 -0.314069688 0.341270179 0.866858125
0.000000 -0.186106160 -0.239652500 -0.137414947 -0.198962674 -0.316974044 0.344999850 0.860765100
0.000000 -0.179127961 -0.240226820 -0.145002767 -0.222319573 -0.319364697 0.332717925 0.858998895
0.000000 -0.176100999 -0.242710888 -0.148373902 -0.232252449 -0.326501518 0.336041600 0.852368236
0.000000 -0.175350145 -0.244779348 -0.148540735 -0.229659826 -0.353230506 0.364447355 0.830459356
0.000000 -0.175399676 -0.249457657 -0.153414682 -0.216114491 -0.366152883 0.381440848 0.820810258
0.000000 -0.174008027 -0.255819470 -0.166433811 -0.229982987 -0.392675787 0.373563409 0.808309317
0.000000 -0.174726903 -0.257454157 -0.170731232 -0.241433918 -0.403879195 0.370935917 0.800623477
0.000000 -0.176391706 -0.266159117 -0.177921981 -0.237839714 -0.415503502 0.368620753 0.796811044
0.000000 -0.177963525 -0.269048542 -0.179794341 -0.233806297 -0.408517629 0.351848781 0.809104681
0.000000 -0.178244829 -0.271341622 -0.181336060 -0.225947931 -0.407242805 0.358891159 0.808886886
0.000000 -0.178051636 -0.273904234 -0.184815273 -0.228590757 -0.413210809 0.357573688 0.805694759
0.000000 -0.179632708 -0.276992232 -0.187676817 -0.227495417 -0.410703391 0.345293671 0.812613606
0.000000 -0.182088897 -0.280591905 -0.191755638 -0.233610332 -0.420878798 0.353273630 0.802175164
0.000000 -0.184008792 -0.283809543 -0.194567457 -0.232491016 -0.430008292 0.368485570 0.790733337
0.000000 -0.185007766 -0.286104321 -0.196335286 -0.229490772 -0.427608013 0.363918841 0.795014739
0.000000 -0.185558379 -0.287718952 -0.197224528 -0.226260796 -0.427260309 0.361301690 0.797317922
0.000000 -0.185685456 -0.288562685 -0.197528049 -0.225327462 -0.424193949 0.353526086 0.802686930
0.000000 -0.186829001 -0.292636067 -0.199785143 -0.220249802 -0.422043681 0.345977366 0.808497906
0.000000 -0.188036859 -0.294234782 -0.200487480 -0.215513349 -0.424925417 0.352659345 0.805371821
0.000000 -0.188645482 -0.295704544 -0.201128080 -0.218959808 -0.424073488 0.359042913 0.802063882
0.000000 -0.188980311 -0.297645241 -0.202097818 -0.241308928 -0.405823320 0.386208981 0.792414069
0.000000 -0.188903928 -0.298190534 -0.202164426 -0.273825973 -0.358811200 0.408988625 0.793096542
0.000000 -0.188475460 -0.298585862 -0.203487813 -0.306264728 -0.300514847 0.429774791 0.794472396
0.000000 -0.187403083 -0.298920363 -0.203816265 -0.315060496 -0.307604343 0.427670181 0.789439499
0.000000 -0.187094301 -0.298656225 -0.203179568 -0.303631306 -0.288979053 0.405073941 0.812535703
0.000000 -0.187725514 -0.300143778 -0.202543914 -0.315577924 -0.276414603 0.433267444 0.797674656
0.000000 -0.188205570 -0.301244974 -0.202372968 -0.329346418 -0.257521957 0.455267072 0.786094964
0.000000 -0.188895971 -0.302537680 -0.201909587 -0.360298395 -0.222218677 0.496263862 0.757974982
0.000000 -0.189143240 -0.303241849 -0.201809511 -0.387941152 -0.165575698 0.518572628 0.743753195
0.000000 -0.188960463 -0.303972125 -0.202923715 -0.425533384 -0.112259150 0.530632913 0.724394977
0.000000 -0.188903093 -0.304033935 -0.203009844 -0.425295651 -0.108892471 0.536848545 0.720457911
0.000000 -0.188871861 -0.304080278 -0.203048378 -0.436156034 -0.110791028 0.530443490 0.718416989
0.000000 -0.188848436 -0.304113746 -0.203115359 -0.438816875 -0.111415632 0.519055247 0.724988222
0.000000 -0.189102486 -0.303853244 -0.202749059 -0.454105616 -0.092938982 0.456326991 0.759549916
0.000000 -0.189087272 -0.303887039 -0.202783540 -0.444613934 -0.108667411 0.499055862 0.735834956
0.000000 -0.188948125 -0.303994149 -0.202900991 -0.430332065 -0.110450350 0.525611997 0.725497782
0.000000 -0.188473463 -0.304287523 -0.203515589 -0.418982208 -0.137111425 0.553151727 0.706878722
0.000000 -0.184567988 -0.309041381 -0.209105477 -0.398873538 -0.147291094 0.541572928 0.725192368
0.000000 -0.185176015 -0.307929695 -0.207724392 -0.394770712 -0.158541068 0.544366956 0.722969830
0.000000 -0.185632467 -0.307349861 -0.206271172 -0.371377647 -0.155893251 0.540904343 0.738375545
0.000000 -0.186147034 -0.307320923 -0.206115097 -0.384025156 -0.151412845 0.547941983 0.727570236
0.000000 -0.185093790 -0.307950497 -0.207782745 -0.409196854 -0.131572708 0.563335538 0.705620050
0.000000 -0.184693396 -0.308239460 -0.208496585 -0.429842263 -0.130639568 0.529402554 0.719653964
0.000000 -0.184204519 -0.308568478 -0.209064499 -0.447303593 -0.117663734 0.556655467 0.690079331
0.000000 -0.184013516 -0.308715373 -0.209352821 -0.469053596 -0.088194519 0.579565763 0.660540760
0.000000 -0.183889478 -0.308816433 -0.209515437 -0.488476783 -0.054797456 0.581909120 0.647896171
0.000000 -0.183850363 -0.308846354 -0.209682807 -0.491501063 -0.044003714 0.567212343 0.659363747
0.000000 -0.183905244 -0.308796495 -0.209566846 -0.481212676 -0.037639502 0.570710242 0.664309740
0.000000 -0.183905989 -0.308794856 -0.209619105 -0.490490794 -0.041849282 0.564980924 0.662166119
0.000000 -0.183899179 -0.308783174 -0.209624097 -0.489543021 -0.040466085 0.564719200 0.663175941
0.000000 -0.183816522 -0.308896244 -0.209882051 -0.497052133 -0.040995661 0.544393361 0.674458623
0.000000 -0.183958024 -0.308779418 -0.209582269 -0.491100371 -0.039922677 0.557655632 0.668017089
0.000000 -0.183944717 -0.308799535 -0.209583506 -0.495943546 -0.050045855 0.570280313 0.652928591
0.000000 -0.183928564 -0.308815777 -0.209569171 -0.499145955 -0.055286318 0.566098630 0.653704166
0.000000 -0.183960810 -0.308798462 -0.209474549 -0.484966397 -0.043078475 0.570728958 0.661226332
0.000000 -0.183741465 -0.309112906 -0.209939435 -0.500129163 -0.062620744 0.575719416 0.643814147
0.000000 -0.183689803 -0.309216201 -0.210088015 -0.505509496 -0.066094778 0.571911991 0.642657220
0.000000 -0.183568627 -0.309382677 -0.210329115 -0.505587697 -0.072889775 0.582219899 0.632525206
0.000000 -0.183457524 -0.309424937 -0.210354790 -0.500313878 -0.063619018 0.583803892 0.636248112
0.000000 -0.183450371 -0.309453011 -0.210337579 -0.511915982 -0.038404457 0.593916237 0.619459927
0.000000 -0.183473110 -0.309453279 -0.210295111 -0.515068173 -0.025110407 0.601421773 0.610218108
0.000000 -0.183503434 -0.309429646 -0.210263640 -0.516323566 -0.026849687 0.599043012 0.611421764
0.000000 -0.183534294 -0.309396684 -0.210244939 -0.504222512 -0.048792832 0.593429565 0.625476182
0.000000 -0.183580935 -0.309350282 -0.210174382 -0.485825956 -0.076122709 0.601421237 0.629659534
0.000000 -0.183608294 -0.309318334 -0.210135296 -0.461489826 -0.094567120 0.601789474 0.644929290
0.000000 -0.183628440 -0.309286982 -0.210109428 -0.419137031 -0.133980229 0.619932175 0.649659574
0.000000 -0.183637649 -0.309274465 -0.210097805 -0.389184266 -0.156883299 0.632487655 0.651062667
0.000000 -0.183657259 -0.309266984 -0.210067034 -0.338215858 -0.163304999 0.675337553 0.634713173
0.000000 -0.183659047 -0.309261948 -0.210065067 -0.331803203 -0.168290660 0.713720083 0.593454719
0.000000 -0.183658898 -0.309262455 -0.210062653 -0.369775474 -0.150845185 0.733014405 0.550637662
0.000000 -0.183656454 -0.309260070 -0.210065126 -0.403805733 -0.115387179 0.729333818 0.540091634
0.000000 -0.183654308 -0.309260070 -0.210069448 -0.428119183 -0.090744205 0.735302925 0.517502725
0.000000 -0.183651596 -0.309258968 -0.210081905 -0.447214812 -0.045809373 0.761507154 0.466912597
0.000000 -0.183658138 -0.309254378 -0.210070461 -0.458933264 -0.025741506 0.759861171 0.459704906
0.000000 -0.183657691 -0.309254825 -0.210072324 -0.468174487 -0.006664691 0.761936784 0.447460115
0.000000 -0.183660135 -0.309254467 -0.210069731 -0.456996888 0.008082234 0.785595477 0.417047113
0.000000 -0.183663130 -0.309252381 -0.210063666 -0.442898899 -0.001217994 0.799242318 0.406264484
0.000000 -0.183663338 -0.309251994 -0.210065603 -0.425942957 -0.013563201 0.814653754 0.393354714
0.000000 -0.183666050 -0.309250981 -0.210066706 -0.395833701 -0.019692611 0.833613873 0.384728253
0.000000 -0.183667660 -0.309250176 -0.210062802 -0.370077789 -0.017979985 0.846314847 0.382714570
0.000000 -0.183673233 -0.309247822 -0.210047662 -0.361709505 -0.016301895 0.849785268 0.383099973
0.000000 -0.183673352 -0.309248209 -0.210046068 -0.350728959 -0.007067432 0.851443708 0.389849871
0.000000 -0.183677912 -0.309246302 -0.210040569 -0.336698711 0.007132691 0.851891100 0.401079476
0.000000 -0.183676094 -0.309246987 -0.210039169 -0.338889390 -0.007626909 0.850988626 0.401141137
0.000000 -0.183671564 -0.309250146 -0.210040540 -0.322111219 -0.019026715 0.860269189 0.394739449
0.000000 -0.183674008 -0.309247553 -0.210042566 -0.299853176 -0.017398698 0.868238866 0.394900918
0.000000 -0.183680966 -0.309244752 -0.210024819 -0.278019428 -0.020531425 0.886357307 0.369667947
0.000000 -0.183681816 -0.309244037 -0.210022122 -0.260308534 -0.016403832 0.895342946 0.361014426
0.000000 -0.183674261 -0.309245706 -0.210035875 -0.245982006 -0.020642996 0.903249800 0.351007909
0.000000 -0.185356885 -0.308745801 -0.206645086 -0.208107546 -0.027446799 0.927337885 0.309810221
0.000000 -0.184094965 -0.309367806 -0.208435848 -0.196074009 -0.035154156 0.931975961 0.302886158
0.000000 -0.182649523 -0.310460508 -0.213729501 -0.198079705 -0.044284329 0.959920883 0.193275064
0.000000 -0.182729706 -0.310473680 -0.213439584 -0.175644800 -0.016980413 0.967539072 0.180910856
0.000000 -0.182576597 -0.310527891 -0.213397443 -0.182368591 -0.022139134 0.966713190 0.178093389
0.000000 -0.182628229 -0.310476691 -0.213252246 -0.189712033 -0.017881157 0.963169754 0.189719826
0.000000 -0.182571113 -0.310448617 -0.213362634 -0.181404471 -0.017475789 0.966928482 0.178427458
0.000000 -0.182592943 -0.310508072 -0.214005142 -0.158933684 -0.025273487 0.971814156 0.172274753
0.000000 -0.182504892 -0.310491145 -0.214390367 -0.149425596 -0.027116969 0.972973049 0.173954472
0.000000 -0.182093918 -0.310748935 -0.216413170 -0.108555675 -0.036173131 0.980670989 0.158718780
0.000000 -0.181709200 -0.310528219 -0.217759833 -0.076441132 -0.048271082 0.986388803 0.137345836
0.000000 -0.179590270 -0.310749322 -0.224891633 -0.046133496 -0.054940648 0.990000725 0.121457279
0.000000 -0.179875165 -0.309726328 -0.227330029 0.023925554 -0.068540581 0.993869066 0.083390869
0.000000 -0.179863691 -0.309818596 -0.227138191 0.015912088 -0.063314021 0.995165408 0.073375441
0.000000 -0.179654747 -0.309807032 -0.228273600 0.108268470 0.052985147 -0.991540492 0.048145164
0.000000 -0.178859085 -0.309903145 -0.229791418 0.145450145 0.052917872 -0.982695758 0.101749800
0.000000 -0.178932250 -0.309792876 -0.231138408 0.123711631 0.045656074 -0.984361470 0.116805092
0.000000 -0.179049820 -0.309729815 -0.232196495 0.104169488 0.041070011 -0.985044003 0.130959079
0.000000 -0.178814650 -0.309778720 -0.232788354 0.084728815 0.038943309 -0.983693957 0.153787613
0.000000 -0.178442776 -0.309714675 -0.234182596 0.083072625 0.040731661 -0.985267937 0.143829554
0.000000 -0.178575933 -0.309879541 -0.235230088 0.076816864 0.048652682 -0.984660566 0.148914799
0.000000 -0.178572059 -0.310004234 -0.235977173 0.050065391 0.042354859 -0.983429492 0.169014707
0.000000 -0.178549349 -0.310304523 -0.236874118 0.021337578 0.035841752 -0.980227649 0.193426594
0.000000 -0.178426921 -0.310593098 -0.238589257 -0.013069418 0.048625007 -0.974757433 0.217514962
0.000000 -0.178516179 -0.310686827 -0.238621786 -0.010884241 0.032263719 -0.975093484 0.219165012
0.000000 -0.178466588 -0.310779124 -0.238571495 -0.002129392 0.032399412 -0.974438310 0.222296521
0.000000 -0.178379595 -0.310759217 -0.238634542 0.007139511 0.032579243 -0.961401939 0.273119062
0.000000 -0.178134233 -0.310903400 -0.238931566 -0.002762499 0.014905498 -0.946521223 0.322285295
0.000000 -0.177980453 -0.310876518 -0.238994807 -0.019263268 -0.003821868 -0.938846052 0.343776613
0.000000 -0.177731633 -0.310796142 -0.239083529 -0.046285998 -0.032486718 -0.923413754 0.379617393
0.000000 -0.177772582 -0.310717344 -0.238790005 -0.049700551 -0.041936792 -0.925371110 0.373442829
0.000000 -0.177774042 -0.310729384 -0.238788620 -0.046649590 -0.038967818 -0.927427709 0.369030178
0.000000 -0.177785277 -0.310713798 -0.238679558 -0.041045424 -0.036391132 -0.933226645 0.355076075
0.000000 -0.177813470 -0.310683787 -0.238512084 -0.052213207 -0.051469598 -0.930797994 0.358105808
0.000000 -0.178017348 -0.310822308 -0.238048002 -0.102558389 -0.094568908 -0.928684592 0.343632847
0.000000 -0.178128451 -0.310816944 -0.237877920 -0.134681240 -0.106992416 -0.923647463 0.342474759
0.000000 -0.178291976 -0.310832918 -0.237659872 -0.175769523 -0.113396749 -0.921961784 0.325933635
0.000000 -0.178393662 -0.310821950 -0.237486407 -0.201990843 -0.129774675 -0.917464375 0.317202449
0.000000 -0.178418249 -0.310796827 -0.237326086 -0.197704300 -0.152460769 -0.918648124 0.306193352
0.000000 -0.178410232 -0.310790569 -0.237279534 -0.204162955 -0.165689319 -0.912289381 0.313994676
0.000000 -0.178375572 -0.310750008 -0.237432480 -0.197867721 -0.123516366 -0.918557763 0.319129616
0.000000 -0.178341866 -0.310756981 -0.237501740 -0.167763859 -0.112126224 -0.930824578 0.304710686
0.000000 -0.178335011 -0.310754478 -0.237529337 -0.157954514 -0.109805554 -0.934153795 0.300582647
0.000000 -0.178383231 -0.310761571 -0.237525493 -0.193690389 -0.114905067 -0.922302008 0.314069778
0.000000 -0.178503036 -0.310723037 -0.237450734 -0.230459765 -0.094835870 -0.918076277 0.308270067
0.000000 -0.178561017 -0.310688049 -0.237320647 -0.250525236 -0.115566663 -0.909280062 0.311594635
0.000000 -0.178559721 -0.310677737 -0.237304240 -0.232539847 -0.113751292 -0.920490205 0.292717904
0.000000 -0.178591371 -0.310678989 -0.237296373 -0.225966558 -0.101408221 -0.929123998 0.274561614
0.000000 -0.178651437 -0.310691446 -0.236998528 -0.286332935 -0.163067579 -0.898251355 0.290803999
0.000000 -0.178652063 -0.310683072 -0.236999348 -0.284338832 -0.150056705 -0.903584719 0.283141494
0.000000 -0.178669393 -0.310651541 -0.237002850 -0.259373754 -0.136704847 -0.920463741 0.258425206
0.000000 -0.178754926 -0.310572416 -0.236860037 -0.301614851 -0.138789400 -0.907852352 0.256066591
0.000000 -0.178859234 -0.310524821 -0.236633480 -0.362989515 -0.157049701 -0.883753955 0.250105858
0.000000 -0.178860456 -0.310523689 -0.236625329 -0.356866151 -0.158059150 -0.888547301 0.241137952
0.000000 -0.178883851 -0.310512602 -0.236557946 -0.366536528 -0.157840997 -0.888192236 0.227709696
0.000000 -0.178888112 -0.310497165 -0.236518070 -0.376081884 -0.158275872 -0.884564340 0.225958154
0.000000 -0.178874254 -0.310484767 -0.236492202 -0.368882865 -0.170325682 -0.887006462 0.219395131
0.000000 -0.178894728 -0.310445577 -0.236419618 -0.395727158 -0.174466953 -0.878118217 0.204620898
0.000000 -0.178913698 -0.310439944 -0.236344561 -0.440894902 -0.192238420 -0.860001564 0.170450896
0.000000 -0.178897098 -0.310476035 -0.236271977 -0.486277044 -0.235856637 -0.828106821 0.148813277
0.000000 -0.178906456 -0.310478240 -0.236270145 -0.483147442 -0.229693919 -0.833325744 0.139202967
0.000000 -0.178909510 -0.310435951 -0.236254469 -0.491965294 -0.218118042 -0.835251570 0.112914287
0.000000 -0.178892136 -0.310443550 -0.236228019 -0.496008426 -0.244139820 -0.825568795 0.113170929
0.000000 -0.178901047 -0.310460597 -0.236241907 -0.493008912 -0.244505420 -0.827915430 0.108237647
0.000000 -0.178932279 -0.310498118 -0.236271545 -0.510351062 -0.198665887 -0.832536638 0.083405495
0.000000 -0.178917691 -0.310465753 -0.236270577 -0.506169379 -0.249556929 -0.816859007 0.119395494
0.000000 -0.178898096 -0.310445666 -0.236264184 -0.524311960 -0.253872275 -0.801995635 0.132094100
0.000000 -0.178916097 -0.310461551 -0.236267701 -0.502715647 -0.240355194 -0.823951185 0.103008725
0.000000 -0.178931594 -0.310470223 -0.236288533 -0.499774039 -0.253251731 -0.821969748 0.102250792
0.000000 -0.178933010 -0.310474873 -0.236310899 -0.512322724 -0.260267705 -0.811425328 0.106654212
0.000000 -0.178955615 -0.310496926 -0.236368328 -0.533327103 -0.253363103 -0.800750434 0.100836933
0.000000 -0.178979442 -0.310519040 -0.236413598 -0.547076881 -0.255364388 -0.791112065 0.098172136
0.000000 -0.179037556 -0.310565293 -0.236481935 -0.564960837 -0.260870516 -0.779013932 0.076831564
0.000000 -0.179145932 -0.310646683 -0.236575782 -0.581250727 -0.258987606 -0.768551946 0.066339344
0.000000 -0.179287642 -0.310736537 -0.236702979 -0.632805169 -0.253898621 -0.730263412 0.042526200
0.000000 -0.179460689 -0.310805857 -0.236856282 -0.679528177 -0.276688039 -0.679383159 0.011123332
0.000000 -0.179584563 -0.310906827 -0.236923084 0.707716227 0.280605495 0.648108482 0.018807029
