0.000000 0.000000000 0.000000000 0.000000000 -0.000000000 -0.000000000 -0.000000000 1.000000000
0.000000 0.000998416 -0.123882525 -0.065423563 0.007058667 0.015203368 0.019004183 0.999678910
0.000000 -0.001341361 -0.282361835 -0.117813595 0.009598504 0.026747014 0.041526612 0.998733222
0.000000 -0.000734573 -0.581852198 -0.163197219 0.004910294 0.047160845 0.074007399 0.996129870
0.000000 -0.002665704 -0.652033627 -0.165003821 0.004841316 0.048383970 0.081743009 0.995466530
0.000000 0.001876890 -0.806231916 -0.157245263 0.012448285 0.052190807 0.093648300 0.994158566
0.000000 0.012920874 -0.993769646 -0.104243331 0.008445561 0.055355664 0.106964976 0.992684722
0.000000 0.074106589 -1.214618564 0.047678452 0.005776300 0.075514600 0.121974811 0.989639521
0.000000 0.093364894 -1.278693676 0.094975173 0.008849139 0.080614671 0.126887724 0.988596261
0.000000 0.131677836 -1.414928913 0.191767901 0.015845478 0.088439383 0.136346653 0.986578465
0.000000 0.168029413 -1.552184105 0.291325241 0.021788292 0.092747509 0.144506827 0.984906614
0.000000 0.208980322 -1.685525894 0.380721003 0.022613915 0.103343986 0.152660429 0.982600391
0.000000 0.249839097 -1.810851812 0.470052749 0.021958590 0.116256177 0.167104915 0.978814781
0.000000 0.308097750 -2.060862541 0.640282452 0.017299874 0.138741612 0.197842658 0.970211208
0.000000 0.331696987 -2.198631525 0.712865412 0.014933315 0.147460297 0.210321888 0.966331780
0.000000 0.352913976 -2.412812948 0.818529308 0.006623984 0.155253530 0.220195904 0.962998569
0.000000 0.358880281 -2.566645384 0.896760583 0.000918462 0.150921434 0.226264089 0.962302685
0.000000 0.380406916 -2.891425371 1.107481122 0.030125234 0.152262613 0.225291163 0.961848497
0.000000 0.384503305 -3.016420603 1.228877664 0.041209951 0.154389292 0.223698169 0.961470127
0.000000 0.387825310 -3.111481905 1.327516556 0.042727645 0.157953933 0.219553605 0.961780190
0.000000 0.356494904 -3.285197258 1.509513617 0.024931446 0.154664889 0.224969372 0.961689115
0.000000 0.328026116 -3.392326355 1.618673205 0.001138884 0.163819745 0.217898011 0.962123811
0.000000 0.317870915 -3.435141087 1.650339127 0.002742956 0.165328830 0.216982096 0.962069511
0.000000 0.297863632 -3.527087212 1.712167025 0.009408129 0.166151732 0.217063382 0.961867273
0.000000 0.240954787 -3.794515371 1.873646021 0.027597783 0.206279933 0.285289645 0.935572982
0.000000 0.219652921 -3.854815245 1.911234617 0.023104964 0.214325443 0.283800840 0.934338212
0.000000 0.207622916 -3.882421017 1.927165747 0.020608993 0.217917576 0.280202180 0.934651792
0.000000 0.178164244 -3.934347391 1.957639933 0.019556167 0.222255483 0.277081281 0.934583366
0.000000 0.088994801 -4.026963711 2.014303923 0.025560752 0.234268963 0.267926544 0.934173465
0.000000 0.006752789 -4.063462257 2.040982008 0.030019429 0.232868791 0.268696994 0.934169650
0.000000 -0.168243527 -4.084031105 2.063635349 0.016311578 0.216289625 0.285131574 0.933623433
0.000000 -0.351150155 -4.079267979 2.056462526 -0.011255810 0.205331117 0.296309471 0.932691395
0.000000 -0.480570495 -4.089944363 2.063568592 -0.023231177 0.204371721 0.298940510 0.931840718
0.000000 -0.528032303 -4.116882801 2.085853338 -0.017879061 0.208387002 0.296383768 0.931886196
0.000000 -0.565656841 -4.139348984 2.118805170 -0.016739570 0.210451573 0.294990689 0.931885421
0.000000 -0.601399720 -4.173598289 2.184980869 -0.020644110 0.204531208 0.302571088 0.930694103
0.000000 -0.592348158 -4.198122501 2.242400169 -0.018845990 0.205936804 0.302009076 0.930604875
0.000000 -0.545514464 -4.241215706 2.306874037 -0.000053106 0.217886910 0.290013820 0.931889117
0.000000 -0.492784917 -4.301018715 2.410674095 0.046796888 0.228520721 0.278885454 0.931563914
0.000000 -0.468578279 -4.302464008 2.433190346 -0.002647412 0.239756539 0.267037332 0.933381438
0.000000 -0.489019036 -4.302663326 2.415295839 -0.006981701 0.237855405 0.266574144 0.933977723
0.000000 -0.556401014 -4.303567886 2.356023788 -0.008442554 0.229730740 0.272156596 0.934389293
0.000000 -0.650380909 -4.303398132 2.404803991 -0.005736276 0.223269030 0.280661374 0.933459818
0.000000 -0.699223220 -4.308921814 2.417964220 -0.004781988 0.222028375 0.282429904 0.933227658
0.000000 -0.911008477 -4.305281639 2.464517832 -0.010980580 0.221256986 0.282888561 0.933219612
0.000000 -1.205299377 -4.319392681 2.517074585 -0.023727005 0.212701291 0.293088228 0.931823194
0.000000 -1.307295561 -4.349567413 2.536875248 -0.023395481 0.210065275 0.296467572 0.931360424
0.000000 -1.430348873 -4.408321381 2.572174072 -0.026897049 0.207043186 0.300557613 0.930631399
0.000000 -1.484757304 -4.456106186 2.595462322 -0.028518591 0.208903268 0.299649715 0.930460215
0.000000 -1.537301898 -4.582796574 2.661120176 -0.020195505 0.213426098 0.297558457 0.930322766
0.000000 -1.545018077 -4.672570705 2.727613926 -0.011071334 0.213931456 0.297742277 0.930301189
0.000000 -1.538870931 -4.727030754 2.778931856 0.001850018 0.215430498 0.295696795 0.930671632
0.000000 -1.526568413 -4.762732029 2.821112871 0.010947265 0.218712226 0.293015480 0.930691719
0.000000 -1.522827148 -4.771869659 2.833465815 0.010861563 0.220152572 0.292156309 0.930623293
0.000000 -1.517744899 -4.770981789 2.854580879 0.006111931 0.224593118 0.296965718 0.928079724
0.000000 -1.515870452 -4.766242981 2.857645750 0.002563990 0.227295607 0.300108761 0.926425874
0.000000 -1.514569402 -4.756623268 2.861507654 -0.000242484 0.229766235 0.303085834 0.924849391
0.000000 -1.514204502 -4.736922741 2.866811037 -0.004285538 0.234411806 0.309260130 0.921624064
0.000000 -1.499013424 -4.648845196 2.864100456 -0.014457014 0.262816280 0.340735227 0.902561963
0.000000 -1.495546579 -4.636279583 2.865636826 -0.015817031 0.266537398 0.347666919 0.898796618
0.000000 -1.473855257 -4.608633041 2.865167141 -0.017394116 0.277910143 0.355959833 0.892051578
0.000000 -1.445195436 -4.593785763 2.856025934 -0.013636537 0.294881314 0.368656188 0.881448686
0.000000 -1.404260397 -4.590394020 2.850731611 0.001295782 0.323517978 0.379697919 0.866697192
0.000000 -1.384782314 -4.575207233 2.845129490 0.008417455 0.346788555 0.397506177 0.849503219
0.000000 -1.399833202 -4.538181305 2.822245836 -0.002765888 0.359772831 0.421683311 0.832309484
0.000000 -1.448285103 -4.477556229 2.756635666 -0.027666880 0.387346447 0.478897363 0.787308455
0.000000 -1.426752567 -4.480476856 2.725162983 -0.021906741 0.409967840 0.492871940 0.767153025
0.000000 -1.393608093 -4.492593765 2.690384865 -0.008976503 0.435733050 0.507475257 0.743320227
0.000000 -1.362973690 -4.496024132 2.625402689 -0.000481849 0.468513548 0.535521269 0.702646255
0.000000 -1.378904343 -4.500146866 2.619787931 -0.022543065 0.513333440 0.570226908 0.640953958
0.000000 -1.378904343 -4.500146866 2.619787931 -0.022543065 0.513333440 0.570226908 0.640953958
0.000000 -1.378904343 -4.500146866 2.619787931 -0.022543065 0.513333440 0.570226908 0.640953958
0.000000 -1.378904343 -4.500146866 2.619787931 -0.022543065 0.513333440 0.570226908 0.640953958
0.000000 -1.378904343 -4.500146866 2.619787931 -0.022543065 0.513333440 0.570226908 0.640953958
0.000000 -1.378904343 -4.500146866 2.619787931 -0.022543065 0.513333440 0.570226908 0.640953958
0.000000 -1.378904343 -4.500146866 2.619787931 -0.022543065 0.513333440 0.570226908 0.640953958
0.000000 -1.378904343 -4.500146866 2.619787931 -0.022543065 0.513333440 0.570226908 0.640953958
0.000000 -1.378904343 -4.500146866 2.619787931 -0.022543065 0.513333440 0.570226908 0.640953958
0.000000 -1.378904343 -4.500146866 2.619787931 -0.022543065 0.513333440 0.570226908 0.640953958
0.000000 -1.378904343 -4.500146866 2.619787931 -0.022543065 0.513333440 0.570226908 0.640953958
0.000000 -1.378904343 -4.500146866 2.619787931 -0.022543065 0.513333440 0.570226908 0.640953958
0.000000 -1.378904343 -4.500146866 2.619787931 -0.022543065 0.513333440 0.570226908 0.640953958
0.000000 -1.378904343 -4.500146866 2.619787931 -0.022543065 0.513333440 0.570226908 0.640953958
0.000000 -1.378904343 -4.500146866 2.619787931 -0.022543065 0.513333440 0.570226908 0.640953958
0.000000 -1.378904343 -4.500146866 2.619787931 -0.022543065 0.513333440 0.570226908 0.640953958
0.000000 -1.378904343 -4.500146866 2.619787931 -0.022543065 0.513333440 0.570226908 0.640953958
0.000000 -1.378904343 -4.500146866 2.619787931 -0.022543065 0.513333440 0.570226908 0.640953958
0.000000 -1.378904343 -4.500146866 2.619787931 -0.022543065 0.513333440 0.570226908 0.640953958
0.000000 -1.378904343 -4.500146866 2.619787931 -0.022543065 0.513333440 0.570226908 0.640953958
0.000000 -1.378904343 -4.500146866 2.619787931 -0.022543065 0.513333440 0.570226908 0.640953958
0.000000 -1.378904343 -4.500146866 2.619787931 -0.022543065 0.513333440 0.570226908 0.640953958
0.000000 -1.378904343 -4.500146866 2.619787931 -0.022543065 0.513333440 0.570226908 0.640953958
0.000000 -1.378904343 -4.500146866 2.619787931 -0.022543065 0.513333440 0.570226908 0.640953958
0.000000 -1.378904343 -4.500146866 2.619787931 -0.022543065 0.513333440 0.570226908 0.640953958
0.000000 -1.378904343 -4.500146866 2.619787931 -0.022543065 0.513333440 0.570226908 0.640953958
0.000000 -1.378904343 -4.500146866 2.619787931 -0.022543065 0.513333440 0.570226908 0.640953958
0.000000 -1.378904343 -4.500146866 2.619787931 -0.022543065 0.513333440 0.570226908 0.640953958
0.000000 -1.378904343 -4.500146866 2.619787931 -0.022543065 0.513333440 0.570226908 0.640953958
0.000000 -1.378904343 -4.500146866 2.619787931 -0.022543065 0.513333440 0.570226908 0.640953958
0.000000 -1.378904343 -4.500146866 2.619787931 -0.022543065 0.513333440 0.570226908 0.640953958
0.000000 -1.378904343 -4.500146866 2.619787931 -0.022543065 0.513333440 0.570226908 0.640953958
0.000000 -1.378904343 -4.500146866 2.619787931 -0.022543065 0.513333440 0.570226908 0.640953958
0.000000 -1.378904343 -4.500146866 2.619787931 -0.022543065 0.513333440 0.570226908 0.640953958
0.000000 -1.378904343 -4.500146866 2.619787931 -0.022543065 0.513333440 0.570226908 0.640953958
0.000000 -1.378904343 -4.500146866 2.619787931 -0.022543065 0.513333440 0.570226908 0.640953958
0.000000 -1.378904343 -4.500146866 2.619787931 -0.022543065 0.513333440 0.570226908 0.640953958
0.000000 -1.378904343 -4.500146866 2.619787931 -0.022543065 0.513333440 0.570226908 0.640953958
0.000000 -1.378904343 -4.500146866 2.619787931 -0.022543065 0.513333440 0.570226908 0.640953958
0.000000 -1.378904343 -4.500146866 2.619787931 -0.022543065 0.513333440 0.570226908 0.640953958
0.000000 -1.378904343 -4.500146866 2.619787931 -0.022543065 0.513333440 0.570226908 0.640953958
0.000000 -1.378904343 -4.500146866 2.619787931 -0.022543065 0.513333440 0.570226908 0.640953958
0.000000 -1.378904343 -4.500146866 2.619787931 -0.022543065 0.513333440 0.570226908 0.640953958
0.000000 -1.378904343 -4.500146866 2.619787931 -0.022543065 0.513333440 0.570226908 0.640953958
0.000000 -1.378904343 -4.500146866 2.619787931 -0.022543065 0.513333440 0.570226908 0.640953958
0.000000 -1.378904343 -4.500146866 2.619787931 -0.022543065 0.513333440 0.570226908 0.640953958
0.000000 -0.904246688 -4.761761665 2.845891714 -0.013034848 0.235442266 0.281254143 0.930211425
0.000000 -0.904246688 -4.761761665 2.845891714 -0.013034848 0.235442266 0.281254143 0.930211425
0.000000 -0.923856854 -4.725694180 2.852400541 -0.022809984 0.274709910 0.320496380 0.906253994
0.000000 -0.923856854 -4.725694180 2.852400541 -0.022809984 0.274709910 0.320496380 0.906253994
0.000000 -0.923856854 -4.725694180 2.852400541 -0.022809984 0.274709910 0.320496380 0.906253994
0.000000 -1.111840725 -4.747657299 3.060639143 -0.022481209 0.283711433 0.351815492 0.891755819
0.000000 -1.138888359 -4.771021843 3.106225967 -0.021225147 0.285320371 0.352081269 0.891168177
0.000000 -1.177217484 -4.814463139 3.185532093 -0.021091612 0.281372637 0.358598739 0.889826655
0.000000 -1.215456724 -4.858916759 3.264319181 -0.020956803 0.277408123 0.365094781 0.888432026
0.000000 -1.215456724 -4.858916759 3.264319181 -0.020956803 0.277408123 0.365094781 0.888432026
0.000000 -1.215456724 -4.858916759 3.264319181 -0.020956803 0.277408123 0.365094781 0.888432026
0.000000 -1.215456724 -4.858916759 3.264319181 -0.020956803 0.277408123 0.365094781 0.888432026
0.000000 -1.215456724 -4.858916759 3.264319181 -0.020956803 0.277408123 0.365094781 0.888432026
0.000000 -1.215456724 -4.858916759 3.264319181 -0.020956803 0.277408123 0.365094781 0.888432026
0.000000 -1.215456724 -4.858916759 3.264319181 -0.020956803 0.277408123 0.365094781 0.888432026
0.000000 -1.215456724 -4.858916759 3.264319181 -0.020956803 0.277408123 0.365094781 0.888432026
0.000000 -1.215456724 -4.858916759 3.264319181 -0.020956803 0.277408123 0.365094781 0.888432026
0.000000 -1.215456724 -4.858916759 3.264319181 -0.020956803 0.277408123 0.365094781 0.888432026
0.000000 -1.215456724 -4.858916759 3.264319181 -0.020956803 0.277408123 0.365094781 0.888432026
0.000000 -1.215456724 -4.858916759 3.264319181 -0.020956803 0.277408123 0.365094781 0.888432026
0.000000 -1.215456724 -4.858916759 3.264319181 -0.020956803 0.277408123 0.365094781 0.888432026
0.000000 -1.215456724 -4.858916759 3.264319181 -0.020956803 0.277408123 0.365094781 0.888432026
0.000000 -1.215456724 -4.858916759 3.264319181 -0.020956803 0.277408123 0.365094781 0.888432026
0.000000 -1.215456724 -4.858916759 3.264319181 -0.020956803 0.277408123 0.365094781 0.888432026
0.000000 -1.215456724 -4.858916759 3.264319181 -0.020956803 0.277408123 0.365094781 0.888432026
0.000000 -1.215456724 -4.858916759 3.264319181 -0.020956803 0.277408123 0.365094781 0.888432026
0.000000 -1.215456724 -4.858916759 3.264319181 -0.020956803 0.277408123 0.365094781 0.888432026
0.000000 -1.215456724 -4.858916759 3.264319181 -0.020956803 0.277408123 0.365094781 0.888432026
0.000000 -1.215456724 -4.858916759 3.264319181 -0.020956803 0.277408123 0.365094781 0.888432026
0.000000 -1.215456724 -4.858916759 3.264319181 -0.020956803 0.277408123 0.365094781 0.888432026
0.000000 -1.215456724 -4.858916759 3.264319181 -0.020956803 0.277408123 0.365094781 0.888432026
0.000000 -1.215456724 -4.858916759 3.264319181 -0.020956803 0.277408123 0.365094781 0.888432026
0.000000 -1.215456724 -4.858916759 3.264319181 -0.020956803 0.277408123 0.365094781 0.888432026
0.000000 -1.215456724 -4.858916759 3.264319181 -0.020956803 0.277408123 0.365094781 0.888432026
0.000000 -1.215456724 -4.858916759 3.264319181 -0.020956803 0.277408123 0.365094781 0.888432026
0.000000 -1.215456724 -4.858916759 3.264319181 -0.020956803 0.277408123 0.365094781 0.888432026
0.000000 -1.215456724 -4.858916759 3.264319181 -0.020956803 0.277408123 0.365094781 0.888432026
0.000000 -1.215456724 -4.858916759 3.264319181 -0.020956803 0.277408123 0.365094781 0.888432026
0.000000 -1.215456724 -4.858916759 3.264319181 -0.020956803 0.277408123 0.365094781 0.888432026
0.000000 -1.215456724 -4.858916759 3.264319181 -0.020956803 0.277408123 0.365094781 0.888432026
0.000000 -1.215456724 -4.858916759 3.264319181 -0.020956803 0.277408123 0.365094781 0.888432026
0.000000 -1.215456724 -4.858916759 3.264319181 -0.020956803 0.277408123 0.365094781 0.888432026
0.000000 -1.215456724 -4.858916759 3.264319181 -0.020956803 0.277408123 0.365094781 0.888432026
0.000000 -1.215456724 -4.858916759 3.264319181 -0.020956803 0.277408123 0.365094781 0.888432026
0.000000 -1.215456724 -4.858916759 3.264319181 -0.020956803 0.277408123 0.365094781 0.888432026
0.000000 -1.215456724 -4.858916759 3.264319181 -0.020956803 0.277408123 0.365094781 0.888432026
0.000000 -1.215456724 -4.858916759 3.264319181 -0.020956803 0.277408123 0.365094781 0.888432026
0.000000 -1.215456724 -4.858916759 3.264319181 -0.020956803 0.277408123 0.365094781 0.888432026
0.000000 -1.215456724 -4.858916759 3.264319181 -0.020956803 0.277408123 0.365094781 0.888432026
0.000000 -1.215456724 -4.858916759 3.264319181 -0.020956803 0.277408123 0.365094781 0.888432026
0.000000 -1.215456724 -4.858916759 3.264319181 -0.020956803 0.277408123 0.365094781 0.888432026
0.000000 -1.215456724 -4.858916759 3.264319181 -0.020956803 0.277408123 0.365094781 0.888432026
0.000000 -1.215456724 -4.858916759 3.264319181 -0.020956803 0.277408123 0.365094781 0.888432026
0.000000 -1.215456724 -4.858916759 3.264319181 -0.020956803 0.277408123 0.365094781 0.888432026
0.000000 -1.215456724 -4.858916759 3.264319181 -0.020956803 0.277408123 0.365094781 0.888432026
0.000000 -1.215456724 -4.858916759 3.264319181 -0.020956803 0.277408123 0.365094781 0.888432026
0.000000 -1.215456724 -4.858916759 3.264319181 -0.020956803 0.277408123 0.365094781 0.888432026
0.000000 -1.215456724 -4.858916759 3.264319181 -0.020956803 0.277408123 0.365094781 0.888432026
0.000000 -1.215456724 -4.858916759 3.264319181 -0.020956803 0.277408123 0.365094781 0.888432026
0.000000 -1.215456724 -4.858916759 3.264319181 -0.020956803 0.277408123 0.365094781 0.888432026
0.000000 -1.215456724 -4.858916759 3.264319181 -0.020956803 0.277408123 0.365094781 0.888432026
0.000000 -1.215456724 -4.858916759 3.264319181 -0.020956803 0.277408123 0.365094781 0.888432026
0.000000 -1.215456724 -4.858916759 3.264319181 -0.020956803 0.277408123 0.365094781 0.888432026
0.000000 -1.215456724 -4.858916759 3.264319181 -0.020956803 0.277408123 0.365094781 0.888432026
0.000000 -1.215456724 -4.858916759 3.264319181 -0.020956803 0.277408123 0.365094781 0.888432026
0.000000 -1.215456724 -4.858916759 3.264319181 -0.020956803 0.277408123 0.365094781 0.888432026
0.000000 -1.215456724 -4.858916759 3.264319181 -0.020956803 0.277408123 0.365094781 0.888432026
0.000000 -1.215456724 -4.858916759 3.264319181 -0.020956803 0.277408123 0.365094781 0.888432026
0.000000 -1.215456724 -4.858916759 3.264319181 -0.020956803 0.277408123 0.365094781 0.888432026
0.000000 -1.215456724 -4.858916759 3.264319181 -0.020956803 0.277408123 0.365094781 0.888432026
0.000000 -1.215456724 -4.858916759 3.264319181 -0.020956803 0.277408123 0.365094781 0.888432026
0.000000 -1.215456724 -4.858916759 3.264319181 -0.020956803 0.277408123 0.365094781 0.888432026
0.000000 -1.215456724 -4.858916759 3.264319181 -0.020956803 0.277408123 0.365094781 0.888432026
0.000000 -1.215456724 -4.858916759 3.264319181 -0.020956803 0.277408123 0.365094781 0.888432026
0.000000 -1.215456724 -4.858916759 3.264319181 -0.020956803 0.277408123 0.365094781 0.888432026
0.000000 -1.215456724 -4.858916759 3.264319181 -0.020956803 0.277408123 0.365094781 0.888432026
0.000000 -1.215456724 -4.858916759 3.264319181 -0.020956803 0.277408123 0.365094781 0.888432026
0.000000 -1.215456724 -4.858916759 3.264319181 -0.020956803 0.277408123 0.365094781 0.888432026
0.000000 -1.215456724 -4.858916759 3.264319181 -0.020956803 0.277408123 0.365094781 0.888432026
0.000000 -1.215456724 -4.858916759 3.264319181 -0.020956803 0.277408123 0.365094781 0.888432026
0.000000 -1.215456724 -4.858916759 3.264319181 -0.020956803 0.277408123 0.365094781 0.888432026
0.000000 -1.215456724 -4.858916759 3.264319181 -0.020956803 0.277408123 0.365094781 0.888432026
0.000000 -1.215456724 -4.858916759 3.264319181 -0.020956803 0.277408123 0.365094781 0.888432026
0.000000 -1.215456724 -4.858916759 3.264319181 -0.020956803 0.277408123 0.365094781 0.888432026
0.000000 -1.215456724 -4.858916759 3.264319181 -0.020956803 0.277408123 0.365094781 0.888432026
0.000000 -1.215456724 -4.858916759 3.264319181 -0.020956803 0.277408123 0.365094781 0.888432026
0.000000 -1.215456724 -4.858916759 3.264319181 -0.020956803 0.277408123 0.365094781 0.888432026
0.000000 -1.215456724 -4.858916759 3.264319181 -0.020956803 0.277408123 0.365094781 0.888432026
0.000000 -1.215456724 -4.858916759 3.264319181 -0.020956803 0.277408123 0.365094781 0.888432026
0.000000 -1.215456724 -4.858916759 3.264319181 -0.020956803 0.277408123 0.365094781 0.888432026
0.000000 -1.215456724 -4.858916759 3.264319181 -0.020956803 0.277408123 0.365094781 0.888432026
0.000000 -1.215456724 -4.858916759 3.264319181 -0.020956803 0.277408123 0.365094781 0.888432026
0.000000 -1.215456724 -4.858916759 3.264319181 -0.020956803 0.277408123 0.365094781 0.888432026
0.000000 -1.215456724 -4.858916759 3.264319181 -0.020956803 0.277408123 0.365094781 0.888432026
0.000000 -1.215456724 -4.858916759 3.264319181 -0.020956803 0.277408123 0.365094781 0.888432026
0.000000 -1.215456724 -4.858916759 3.264319181 -0.020956803 0.277408123 0.365094781 0.888432026
0.000000 -1.215456724 -4.858916759 3.264319181 -0.020956803 0.277408123 0.365094781 0.888432026
0.000000 -1.215456724 -4.858916759 3.264319181 -0.020956803 0.277408123 0.365094781 0.888432026
0.000000 -1.215456724 -4.858916759 3.264319181 -0.020956803 0.277408123 0.365094781 0.888432026
0.000000 -1.215456724 -4.858916759 3.264319181 -0.020956803 0.277408123 0.365094781 0.888432026
0.000000 -1.215456724 -4.858916759 3.264319181 -0.020956803 0.277408123 0.365094781 0.888432026
0.000000 -1.215456724 -4.858916759 3.264319181 -0.020956803 0.277408123 0.365094781 0.888432026
0.000000 -1.215456724 -4.858916759 3.264319181 -0.020956803 0.277408123 0.365094781 0.888432026
0.000000 -1.215456724 -4.858916759 3.264319181 -0.020956803 0.277408123 0.365094781 0.888432026
0.000000 -1.215456724 -4.858916759 3.264319181 -0.020956803 0.277408123 0.365094781 0.888432026
0.000000 -1.215456724 -4.858916759 3.264319181 -0.020956803 0.277408123 0.365094781 0.888432026
0.000000 -1.215456724 -4.858916759 3.264319181 -0.020956803 0.277408123 0.365094781 0.888432026
0.000000 -1.215456724 -4.858916759 3.264319181 -0.020956803 0.277408123 0.365094781 0.888432026
0.000000 -1.215456724 -4.858916759 3.264319181 -0.020956803 0.277408123 0.365094781 0.888432026
0.000000 -1.215456724 -4.858916759 3.264319181 -0.020956803 0.277408123 0.365094781 0.888432026
0.000000 -1.215456724 -4.858916759 3.264319181 -0.020956803 0.277408123 0.365094781 0.888432026
0.000000 -1.215456724 -4.858916759 3.264319181 -0.020956803 0.277408123 0.365094781 0.888432026
0.000000 -1.215456724 -4.858916759 3.264319181 -0.020956803 0.277408123 0.365094781 0.888432026
0.000000 -1.215456724 -4.858916759 3.264319181 -0.020956803 0.277408123 0.365094781 0.888432026
0.000000 -1.215456724 -4.858916759 3.264319181 -0.020956803 0.277408123 0.365094781 0.888432026
0.000000 -1.215456724 -4.858916759 3.264319181 -0.020956803 0.277408123 0.365094781 0.888432026
0.000000 -1.215456724 -4.858916759 3.264319181 -0.020956803 0.277408123 0.365094781 0.888432026
0.000000 -1.215456724 -4.858916759 3.264319181 -0.020956803 0.277408123 0.365094781 0.888432026
0.000000 -1.215456724 -4.858916759 3.264319181 -0.020956803 0.277408123 0.365094781 0.888432026
0.000000 -1.215456724 -4.858916759 3.264319181 -0.020956803 0.277408123 0.365094781 0.888432026
0.000000 -1.215456724 -4.858916759 3.264319181 -0.020956803 0.277408123 0.365094781 0.888432026
0.000000 -1.215456724 -4.858916759 3.264319181 -0.020956803 0.277408123 0.365094781 0.888432026
0.000000 -1.215456724 -4.858916759 3.264319181 -0.020956803 0.277408123 0.365094781 0.888432026
0.000000 -1.215456724 -4.858916759 3.264319181 -0.020956803 0.277408123 0.365094781 0.888432026
0.000000 -1.215456724 -4.858916759 3.264319181 -0.020956803 0.277408123 0.365094781 0.888432026
0.000000 -1.215456724 -4.858916759 3.264319181 -0.020956803 0.277408123 0.365094781 0.888432026
0.000000 -1.215456724 -4.858916759 3.264319181 -0.020956803 0.277408123 0.365094781 0.888432026
0.000000 -1.215456724 -4.858916759 3.264319181 -0.020956803 0.277408123 0.365094781 0.888432026
0.000000 -1.215456724 -4.858916759 3.264319181 -0.020956803 0.277408123 0.365094781 0.888432026
0.000000 -1.215456724 -4.858916759 3.264319181 -0.020956803 0.277408123 0.365094781 0.888432026
0.000000 -1.215456724 -4.858916759 3.264319181 -0.020956803 0.277408123 0.365094781 0.888432026
0.000000 -1.215456724 -4.858916759 3.264319181 -0.020956803 0.277408123 0.365094781 0.888432026
0.000000 -1.215456724 -4.858916759 3.264319181 -0.020956803 0.277408123 0.365094781 0.888432026
0.000000 -1.215456724 -4.858916759 3.264319181 -0.020956803 0.277408123 0.365094781 0.888432026
0.000000 -1.215456724 -4.858916759 3.264319181 -0.020956803 0.277408123 0.365094781 0.888432026
0.000000 -1.215456724 -4.858916759 3.264319181 -0.020956803 0.277408123 0.365094781 0.888432026
0.000000 -1.215456724 -4.858916759 3.264319181 -0.020956803 0.277408123 0.365094781 0.888432026
0.000000 -1.215456724 -4.858916759 3.264319181 -0.020956803 0.277408123 0.365094781 0.888432026
0.000000 -1.215456724 -4.858916759 3.264319181 -0.020956803 0.277408123 0.365094781 0.888432026
0.000000 -1.215456724 -4.858916759 3.264319181 -0.020956803 0.277408123 0.365094781 0.888432026
0.000000 -1.215456724 -4.858916759 3.264319181 -0.020956803 0.277408123 0.365094781 0.888432026
0.000000 -1.215456724 -4.858916759 3.264319181 -0.020956803 0.277408123 0.365094781 0.888432026
0.000000 -1.215456724 -4.858916759 3.264319181 -0.020956803 0.277408123 0.365094781 0.888432026
0.000000 -1.215456724 -4.858916759 3.264319181 -0.020956803 0.277408123 0.365094781 0.888432026
0.000000 -1.215456724 -4.858916759 3.264319181 -0.020956803 0.277408123 0.365094781 0.888432026
0.000000 -1.215456724 -4.858916759 3.264319181 -0.020956803 0.277408123 0.365094781 0.888432026
0.000000 -1.215456724 -4.858916759 3.264319181 -0.020956803 0.277408123 0.365094781 0.888432026
0.000000 -1.215456724 -4.858916759 3.264319181 -0.020956803 0.277408123 0.365094781 0.888432026
0.000000 -1.215456724 -4.858916759 3.264319181 -0.020956803 0.277408123 0.365094781 0.888432026
0.000000 -1.215456724 -4.858916759 3.264319181 -0.020956803 0.277408123 0.365094781 0.888432026
0.000000 -1.215456724 -4.858916759 3.264319181 -0.020956803 0.277408123 0.365094781 0.888432026
0.000000 -1.215456724 -4.858916759 3.264319181 -0.020956803 0.277408123 0.365094781 0.888432026
0.000000 -1.215456724 -4.858916759 3.264319181 -0.020956803 0.277408123 0.365094781 0.888432026
0.000000 -1.215456724 -4.858916759 3.264319181 -0.020956803 0.277408123 0.365094781 0.888432026
0.000000 -1.215456724 -4.858916759 3.264319181 -0.020956803 0.277408123 0.365094781 0.888432026
0.000000 -1.215456724 -4.858916759 3.264319181 -0.020956803 0.277408123 0.365094781 0.888432026
0.000000 -1.215456724 -4.858916759 3.264319181 -0.020956803 0.277408123 0.365094781 0.888432026
0.000000 -1.215456724 -4.858916759 3.264319181 -0.020956803 0.277408123 0.365094781 0.888432026
0.000000 -1.215456724 -4.858916759 3.264319181 -0.020956803 0.277408123 0.365094781 0.888432026
0.000000 -1.215456724 -4.858916759 3.264319181 -0.020956803 0.277408123 0.365094781 0.888432026
0.000000 -1.215456724 -4.858916759 3.264319181 -0.020956803 0.277408123 0.365094781 0.888432026
0.000000 -1.215456724 -4.858916759 3.264319181 -0.020956803 0.277408123 0.365094781 0.888432026
0.000000 -1.215456724 -4.858916759 3.264319181 -0.020956803 0.277408123 0.365094781 0.888432026
0.000000 -1.215456724 -4.858916759 3.264319181 -0.020956803 0.277408123 0.365094781 0.888432026
0.000000 -1.215456724 -4.858916759 3.264319181 -0.020956803 0.277408123 0.365094781 0.888432026
0.000000 -1.215456724 -4.858916759 3.264319181 -0.020956803 0.277408123 0.365094781 0.888432026
0.000000 -1.215456724 -4.858916759 3.264319181 -0.020956803 0.277408123 0.365094781 0.888432026
0.000000 -1.215456724 -4.858916759 3.264319181 -0.020956803 0.277408123 0.365094781 0.888432026
0.000000 -1.215456724 -4.858916759 3.264319181 -0.020956803 0.277408123 0.365094781 0.888432026
0.000000 -1.215456724 -4.858916759 3.264319181 -0.020956803 0.277408123 0.365094781 0.888432026
0.000000 -1.215456724 -4.858916759 3.264319181 -0.020956803 0.277408123 0.365094781 0.888432026
0.000000 -1.215456724 -4.858916759 3.264319181 -0.020956803 0.277408123 0.365094781 0.888432026
0.000000 -1.215456724 -4.858916759 3.264319181 -0.020956803 0.277408123 0.365094781 0.888432026
0.000000 -1.215456724 -4.858916759 3.264319181 -0.020956803 0.277408123 0.365094781 0.888432026
0.000000 -1.215456724 -4.858916759 3.264319181 -0.020956803 0.277408123 0.365094781 0.888432026
0.000000 -1.215456724 -4.858916759 3.264319181 -0.020956803 0.277408123 0.365094781 0.888432026
0.000000 -1.215456724 -4.858916759 3.264319181 -0.020956803 0.277408123 0.365094781 0.888432026
0.000000 -1.215456724 -4.858916759 3.264319181 -0.020956803 0.277408123 0.365094781 0.888432026
0.000000 -1.215456724 -4.858916759 3.264319181 -0.020956803 0.277408123 0.365094781 0.888432026
0.000000 -1.215456724 -4.858916759 3.264319181 -0.020956803 0.277408123 0.365094781 0.888432026
0.000000 -1.215456724 -4.858916759 3.264319181 -0.020956803 0.277408123 0.365094781 0.888432026
0.000000 -1.215456724 -4.858916759 3.264319181 -0.020956803 0.277408123 0.365094781 0.888432026
0.000000 -1.215456724 -4.858916759 3.264319181 -0.020956803 0.277408123 0.365094781 0.888432026
0.000000 -1.215456724 -4.858916759 3.264319181 -0.020956803 0.277408123 0.365094781 0.888432026
0.000000 -1.215456724 -4.858916759 3.264319181 -0.020956803 0.277408123 0.365094781 0.888432026
0.000000 -1.215456724 -4.858916759 3.264319181 -0.020956803 0.277408123 0.365094781 0.888432026
0.000000 -1.215456724 -4.858916759 3.264319181 -0.020956803 0.277408123 0.365094781 0.888432026
0.000000 -1.215456724 -4.858916759 3.264319181 -0.020956803 0.277408123 0.365094781 0.888432026
0.000000 -1.215456724 -4.858916759 3.264319181 -0.020956803 0.277408123 0.365094781 0.888432026
0.000000 -1.215456724 -4.858916759 3.264319181 -0.020956803 0.277408123 0.365094781 0.888432026
0.000000 -1.215456724 -4.858916759 3.264319181 -0.020956803 0.277408123 0.365094781 0.888432026
0.000000 -1.215456724 -4.858916759 3.264319181 -0.020956803 0.277408123 0.365094781 0.888432026
0.000000 -1.215456724 -4.858916759 3.264319181 -0.020956803 0.277408123 0.365094781 0.888432026
0.000000 -1.215456724 -4.858916759 3.264319181 -0.020956803 0.277408123 0.365094781 0.888432026
0.000000 -1.215456724 -4.858916759 3.264319181 -0.020956803 0.277408123 0.365094781 0.888432026
0.000000 -1.215456724 -4.858916759 3.264319181 -0.020956803 0.277408123 0.365094781 0.888432026
0.000000 -1.215456724 -4.858916759 3.264319181 -0.020956803 0.277408123 0.365094781 0.888432026
0.000000 -1.215456724 -4.858916759 3.264319181 -0.020956803 0.277408123 0.365094781 0.888432026
0.000000 -1.215456724 -4.858916759 3.264319181 -0.020956803 0.277408123 0.365094781 0.888432026
0.000000 -1.215456724 -4.858916759 3.264319181 -0.020956803 0.277408123 0.365094781 0.888432026
0.000000 -1.215456724 -4.858916759 3.264319181 -0.020956803 0.277408123 0.365094781 0.888432026
0.000000 -1.215456724 -4.858916759 3.264319181 -0.020956803 0.277408123 0.365094781 0.888432026
0.000000 -1.215456724 -4.858916759 3.264319181 -0.020956803 0.277408123 0.365094781 0.888432026
0.000000 -1.215456724 -4.858916759 3.264319181 -0.020956803 0.277408123 0.365094781 0.888432026
0.000000 -1.215456724 -4.858916759 3.264319181 -0.020956803 0.277408123 0.365094781 0.888432026
0.000000 -1.215456724 -4.858916759 3.264319181 -0.020956803 0.277408123 0.365094781 0.888432026
0.000000 -1.215456724 -4.858916759 3.264319181 -0.020956803 0.277408123 0.365094781 0.888432026
0.000000 -1.215456724 -4.858916759 3.264319181 -0.020956803 0.277408123 0.365094781 0.888432026
0.000000 -1.215456724 -4.858916759 3.264319181 -0.020956803 0.277408123 0.365094781 0.888432026
0.000000 -1.215456724 -4.858916759 3.264319181 -0.020956803 0.277408123 0.365094781 0.888432026
0.000000 -1.215456724 -4.858916759 3.264319181 -0.020956803 0.277408123 0.365094781 0.888432026
0.000000 -1.215456724 -4.858916759 3.264319181 -0.020956803 0.277408123 0.365094781 0.888432026
0.000000 -1.215456724 -4.858916759 3.264319181 -0.020956803 0.277408123 0.365094781 0.888432026
0.000000 -1.215456724 -4.858916759 3.264319181 -0.020956803 0.277408123 0.365094781 0.888432026
0.000000 -1.215456724 -4.858916759 3.264319181 -0.020956803 0.277408123 0.365094781 0.888432026
0.000000 -1.215456724 -4.858916759 3.264319181 -0.020956803 0.277408123 0.365094781 0.888432026
0.000000 -1.215456724 -4.858916759 3.264319181 -0.020956803 0.277408123 0.365094781 0.888432026
0.000000 -1.215456724 -4.858916759 3.264319181 -0.020956803 0.277408123 0.365094781 0.888432026
0.000000 -1.215456724 -4.858916759 3.264319181 -0.020956803 0.277408123 0.365094781 0.888432026
0.000000 -1.215456724 -4.858916759 3.264319181 -0.020956803 0.277408123 0.365094781 0.888432026
0.000000 -1.215456724 -4.858916759 3.264319181 -0.020956803 0.277408123 0.365094781 0.888432026
0.000000 -1.215456724 -4.858916759 3.264319181 -0.020956803 0.277408123 0.365094781 0.888432026
0.000000 -1.215456724 -4.858916759 3.264319181 -0.020956803 0.277408123 0.365094781 0.888432026
0.000000 -1.215456724 -4.858916759 3.264319181 -0.020956803 0.277408123 0.365094781 0.888432026
0.000000 -1.215456724 -4.858916759 3.264319181 -0.020956803 0.277408123 0.365094781 0.888432026
0.000000 -1.215456724 -4.858916759 3.264319181 -0.020956803 0.277408123 0.365094781 0.888432026
0.000000 -1.215456724 -4.858916759 3.264319181 -0.020956803 0.277408123 0.365094781 0.888432026
0.000000 -1.215456724 -4.858916759 3.264319181 -0.020956803 0.277408123 0.365094781 0.888432026
0.000000 -1.215456724 -4.858916759 3.264319181 -0.020956803 0.277408123 0.365094781 0.888432026
0.000000 -1.215456724 -4.858916759 3.264319181 -0.020956803 0.277408123 0.365094781 0.888432026
0.000000 -1.215456724 -4.858916759 3.264319181 -0.020956803 0.277408123 0.365094781 0.888432026
0.000000 -1.215456724 -4.858916759 3.264319181 -0.020956803 0.277408123 0.365094781 0.888432026
0.000000 -1.215456724 -4.858916759 3.264319181 -0.020956803 0.277408123 0.365094781 0.888432026
0.000000 -1.215456724 -4.858916759 3.264319181 -0.020956803 0.277408123 0.365094781 0.888432026
0.000000 -1.215456724 -4.858916759 3.264319181 -0.020956803 0.277408123 0.365094781 0.888432026
0.000000 -1.215456724 -4.858916759 3.264319181 -0.020956803 0.277408123 0.365094781 0.888432026
0.000000 -1.215456724 -4.858916759 3.264319181 -0.020956803 0.277408123 0.365094781 0.888432026
0.000000 -1.215456724 -4.858916759 3.264319181 -0.020956803 0.277408123 0.365094781 0.888432026
0.000000 -1.215456724 -4.858916759 3.264319181 -0.020956803 0.277408123 0.365094781 0.888432026
0.000000 -1.215456724 -4.858916759 3.264319181 -0.020956803 0.277408123 0.365094781 0.888432026
0.000000 -1.215456724 -4.858916759 3.264319181 -0.020956803 0.277408123 0.365094781 0.888432026
0.000000 -1.215456724 -4.858916759 3.264319181 -0.020956803 0.277408123 0.365094781 0.888432026
0.000000 -1.215456724 -4.858916759 3.264319181 -0.020956803 0.277408123 0.365094781 0.888432026
0.000000 -1.215456724 -4.858916759 3.264319181 -0.020956803 0.277408123 0.365094781 0.888432026
0.000000 -1.215456724 -4.858916759 3.264319181 -0.020956803 0.277408123 0.365094781 0.888432026
0.000000 -1.215456724 -4.858916759 3.264319181 -0.020956803 0.277408123 0.365094781 0.888432026
0.000000 -1.215456724 -4.858916759 3.264319181 -0.020956803 0.277408123 0.365094781 0.888432026
0.000000 -1.215456724 -4.858916759 3.264319181 -0.020956803 0.277408123 0.365094781 0.888432026
0.000000 -1.215456724 -4.858916759 3.264319181 -0.020956803 0.277408123 0.365094781 0.888432026
0.000000 -1.215456724 -4.858916759 3.264319181 -0.020956803 0.277408123 0.365094781 0.888432026
0.000000 -1.215456724 -4.858916759 3.264319181 -0.020956803 0.277408123 0.365094781 0.888432026
0.000000 -1.215456724 -4.858916759 3.264319181 -0.020956803 0.277408123 0.365094781 0.888432026
0.000000 -1.215456724 -4.858916759 3.264319181 -0.020956803 0.277408123 0.365094781 0.888432026
0.000000 -1.215456724 -4.858916759 3.264319181 -0.020956803 0.277408123 0.365094781 0.888432026
0.000000 -1.215456724 -4.858916759 3.264319181 -0.020956803 0.277408123 0.365094781 0.888432026
0.000000 -1.215456724 -4.858916759 3.264319181 -0.020956803 0.277408123 0.365094781 0.888432026
0.000000 -1.215456724 -4.858916759 3.264319181 -0.020956803 0.277408123 0.365094781 0.888432026
0.000000 -1.215456724 -4.858916759 3.264319181 -0.020956803 0.277408123 0.365094781 0.888432026
0.000000 -1.215456724 -4.858916759 3.264319181 -0.020956803 0.277408123 0.365094781 0.888432026
0.000000 -1.215456724 -4.858916759 3.264319181 -0.020956803 0.277408123 0.365094781 0.888432026
0.000000 -1.215456724 -4.858916759 3.264319181 -0.020956803 0.277408123 0.365094781 0.888432026
0.000000 -1.215456724 -4.858916759 3.264319181 -0.020956803 0.277408123 0.365094781 0.888432026
0.000000 -1.215456724 -4.858916759 3.264319181 -0.020956803 0.277408123 0.365094781 0.888432026
0.000000 -1.215456724 -4.858916759 3.264319181 -0.020956803 0.277408123 0.365094781 0.888432026
0.000000 -1.215456724 -4.858916759 3.264319181 -0.020956803 0.277408123 0.365094781 0.888432026
0.000000 -1.215456724 -4.858916759 3.264319181 -0.020956803 0.277408123 0.365094781 0.888432026
0.000000 -1.215456724 -4.858916759 3.264319181 -0.020956803 0.277408123 0.365094781 0.888432026
0.000000 -1.215456724 -4.858916759 3.264319181 -0.020956803 0.277408123 0.365094781 0.888432026
0.000000 -1.215456724 -4.858916759 3.264319181 -0.020956803 0.277408123 0.365094781 0.888432026
0.000000 -1.215456724 -4.858916759 3.264319181 -0.020956803 0.277408123 0.365094781 0.888432026
0.000000 -1.215456724 -4.858916759 3.264319181 -0.020956803 0.277408123 0.365094781 0.888432026
0.000000 -1.215456724 -4.858916759 3.264319181 -0.020956803 0.277408123 0.365094781 0.888432026
0.000000 -1.215456724 -4.858916759 3.264319181 -0.020956803 0.277408123 0.365094781 0.888432026
0.000000 -1.215456724 -4.858916759 3.264319181 -0.020956803 0.277408123 0.365094781 0.888432026
0.000000 -1.215456724 -4.858916759 3.264319181 -0.020956803 0.277408123 0.365094781 0.888432026
0.000000 -1.215456724 -4.858916759 3.264319181 -0.020956803 0.277408123 0.365094781 0.888432026
0.000000 -1.215456724 -4.858916759 3.264319181 -0.020956803 0.277408123 0.365094781 0.888432026
0.000000 -1.215456724 -4.858916759 3.264319181 -0.020956803 0.277408123 0.365094781 0.888432026
0.000000 -1.215456724 -4.858916759 3.264319181 -0.020956803 0.277408123 0.365094781 0.888432026
0.000000 -1.215456724 -4.858916759 3.264319181 -0.020956803 0.277408123 0.365094781 0.888432026
0.000000 -1.215456724 -4.858916759 3.264319181 -0.020956803 0.277408123 0.365094781 0.888432026
0.000000 -1.215456724 -4.858916759 3.264319181 -0.020956803 0.277408123 0.365094781 0.888432026
0.000000 -1.215456724 -4.858916759 3.264319181 -0.020956803 0.277408123 0.365094781 0.888432026
0.000000 -1.215456724 -4.858916759 3.264319181 -0.020956803 0.277408123 0.365094781 0.888432026
0.000000 -1.215456724 -4.858916759 3.264319181 -0.020956803 0.277408123 0.365094781 0.888432026
0.000000 -1.215456724 -4.858916759 3.264319181 -0.020956803 0.277408123 0.365094781 0.888432026
0.000000 -1.215456724 -4.858916759 3.264319181 -0.020956803 0.277408123 0.365094781 0.888432026
0.000000 -1.215456724 -4.858916759 3.264319181 -0.020956803 0.277408123 0.365094781 0.888432026
0.000000 -1.215456724 -4.858916759 3.264319181 -0.020956803 0.277408123 0.365094781 0.888432026
0.000000 -1.215456724 -4.858916759 3.264319181 -0.020956803 0.277408123 0.365094781 0.888432026
0.000000 -1.215456724 -4.858916759 3.264319181 -0.020956803 0.277408123 0.365094781 0.888432026
0.000000 -1.215456724 -4.858916759 3.264319181 -0.020956803 0.277408123 0.365094781 0.888432026
0.000000 -1.215456724 -4.858916759 3.264319181 -0.020956803 0.277408123 0.365094781 0.888432026
0.000000 -1.215456724 -4.858916759 3.264319181 -0.020956803 0.277408123 0.365094781 0.888432026
0.000000 -1.215456724 -4.858916759 3.264319181 -0.020956803 0.277408123 0.365094781 0.888432026
0.000000 -1.215456724 -4.858916759 3.264319181 -0.020956803 0.277408123 0.365094781 0.888432026
0.000000 -1.215456724 -4.858916759 3.264319181 -0.020956803 0.277408123 0.365094781 0.888432026
0.000000 -1.215456724 -4.858916759 3.264319181 -0.020956803 0.277408123 0.365094781 0.888432026
0.000000 -1.215456724 -4.858916759 3.264319181 -0.020956803 0.277408123 0.365094781 0.888432026
0.000000 -1.215456724 -4.858916759 3.264319181 -0.020956803 0.277408123 0.365094781 0.888432026
0.000000 -1.215456724 -4.858916759 3.264319181 -0.020956803 0.277408123 0.365094781 0.888432026
0.000000 -1.215456724 -4.858916759 3.264319181 -0.020956803 0.277408123 0.365094781 0.888432026
0.000000 -1.215456724 -4.858916759 3.264319181 -0.020956803 0.277408123 0.365094781 0.888432026
0.000000 -1.215456724 -4.858916759 3.264319181 -0.020956803 0.277408123 0.365094781 0.888432026
0.000000 -1.215456724 -4.858916759 3.264319181 -0.020956803 0.277408123 0.365094781 0.888432026
0.000000 -1.215456724 -4.858916759 3.264319181 -0.020956803 0.277408123 0.365094781 0.888432026
0.000000 -1.215456724 -4.858916759 3.264319181 -0.020956803 0.277408123 0.365094781 0.888432026
0.000000 -1.215456724 -4.858916759 3.264319181 -0.020956803 0.277408123 0.365094781 0.888432026
0.000000 -1.215456724 -4.858916759 3.264319181 -0.020956803 0.277408123 0.365094781 0.888432026
0.000000 -1.215456724 -4.858916759 3.264319181 -0.020956803 0.277408123 0.365094781 0.888432026
0.000000 -1.215456724 -4.858916759 3.264319181 -0.020956803 0.277408123 0.365094781 0.888432026
0.000000 -1.215456724 -4.858916759 3.264319181 -0.020956803 0.277408123 0.365094781 0.888432026
0.000000 -1.215456724 -4.858916759 3.264319181 -0.020956803 0.277408123 0.365094781 0.888432026
0.000000 -1.215456724 -4.858916759 3.264319181 -0.020956803 0.277408123 0.365094781 0.888432026
0.000000 -1.215456724 -4.858916759 3.264319181 -0.020956803 0.277408123 0.365094781 0.888432026
0.000000 -1.215456724 -4.858916759 3.264319181 -0.020956803 0.277408123 0.365094781 0.888432026
0.000000 -1.215456724 -4.858916759 3.264319181 -0.020956803 0.277408123 0.365094781 0.888432026
0.000000 -1.215456724 -4.858916759 3.264319181 -0.020956803 0.277408123 0.365094781 0.888432026
0.000000 -1.215456724 -4.858916759 3.264319181 -0.020956803 0.277408123 0.365094781 0.888432026
0.000000 -1.215456724 -4.858916759 3.264319181 -0.020956803 0.277408123 0.365094781 0.888432026
0.000000 -1.215456724 -4.858916759 3.264319181 -0.020956803 0.277408123 0.365094781 0.888432026
0.000000 -1.215456724 -4.858916759 3.264319181 -0.020956803 0.277408123 0.365094781 0.888432026
0.000000 -1.215456724 -4.858916759 3.264319181 -0.020956803 0.277408123 0.365094781 0.888432026
0.000000 -1.215456724 -4.858916759 3.264319181 -0.020956803 0.277408123 0.365094781 0.888432026
0.000000 -1.215456724 -4.858916759 3.264319181 -0.020956803 0.277408123 0.365094781 0.888432026
0.000000 -1.215456724 -4.858916759 3.264319181 -0.020956803 0.277408123 0.365094781 0.888432026
0.000000 -1.215456724 -4.858916759 3.264319181 -0.020956803 0.277408123 0.365094781 0.888432026
0.000000 -1.215456724 -4.858916759 3.264319181 -0.020956803 0.277408123 0.365094781 0.888432026
0.000000 -1.215456724 -4.858916759 3.264319181 -0.020956803 0.277408123 0.365094781 0.888432026
0.000000 -1.215456724 -4.858916759 3.264319181 -0.020956803 0.277408123 0.365094781 0.888432026
0.000000 -1.215456724 -4.858916759 3.264319181 -0.020956803 0.277408123 0.365094781 0.888432026
0.000000 -1.215456724 -4.858916759 3.264319181 -0.020956803 0.277408123 0.365094781 0.888432026
0.000000 -1.215456724 -4.858916759 3.264319181 -0.020956803 0.277408123 0.365094781 0.888432026
0.000000 -1.215456724 -4.858916759 3.264319181 -0.020956803 0.277408123 0.365094781 0.888432026
0.000000 -1.215456724 -4.858916759 3.264319181 -0.020956803 0.277408123 0.365094781 0.888432026
0.000000 -1.215456724 -4.858916759 3.264319181 -0.020956803 0.277408123 0.365094781 0.888432026
0.000000 -1.215456724 -4.858916759 3.264319181 -0.020956803 0.277408123 0.365094781 0.888432026
0.000000 -1.215456724 -4.858916759 3.264319181 -0.020956803 0.277408123 0.365094781 0.888432026
0.000000 -1.215456724 -4.858916759 3.264319181 -0.020956803 0.277408123 0.365094781 0.888432026
0.000000 -1.215456724 -4.858916759 3.264319181 -0.020956803 0.277408123 0.365094781 0.888432026
0.000000 -1.215456724 -4.858916759 3.264319181 -0.020956803 0.277408123 0.365094781 0.888432026
0.000000 -1.215456724 -4.858916759 3.264319181 -0.020956803 0.277408123 0.365094781 0.888432026
0.000000 -1.215456724 -4.858916759 3.264319181 -0.020956803 0.277408123 0.365094781 0.888432026
0.000000 -1.215456724 -4.858916759 3.264319181 -0.020956803 0.277408123 0.365094781 0.888432026
0.000000 -1.215456724 -4.858916759 3.264319181 -0.020956803 0.277408123 0.365094781 0.888432026
0.000000 -1.215456724 -4.858916759 3.264319181 -0.020956803 0.277408123 0.365094781 0.888432026
0.000000 -1.215456724 -4.858916759 3.264319181 -0.020956803 0.277408123 0.365094781 0.888432026
0.000000 -1.215456724 -4.858916759 3.264319181 -0.020956803 0.277408123 0.365094781 0.888432026
0.000000 -1.215456724 -4.858916759 3.264319181 -0.020956803 0.277408123 0.365094781 0.888432026
0.000000 -1.215456724 -4.858916759 3.264319181 -0.020956803 0.277408123 0.365094781 0.888432026
0.000000 -1.215456724 -4.858916759 3.264319181 -0.020956803 0.277408123 0.365094781 0.888432026
0.000000 -1.215456724 -4.858916759 3.264319181 -0.020956803 0.277408123 0.365094781 0.888432026
0.000000 -1.215456724 -4.858916759 3.264319181 -0.020956803 0.277408123 0.365094781 0.888432026
0.000000 -1.215456724 -4.858916759 3.264319181 -0.020956803 0.277408123 0.365094781 0.888432026
0.000000 -1.215456724 -4.858916759 3.264319181 -0.020956803 0.277408123 0.365094781 0.888432026
0.000000 -1.215456724 -4.858916759 3.264319181 -0.020956803 0.277408123 0.365094781 0.888432026
0.000000 -1.215456724 -4.858916759 3.264319181 -0.020956803 0.277408123 0.365094781 0.888432026
0.000000 -1.215456724 -4.858916759 3.264319181 -0.020956803 0.277408123 0.365094781 0.888432026
0.000000 -1.215456724 -4.858916759 3.264319181 -0.020956803 0.277408123 0.365094781 0.888432026
0.000000 -1.215456724 -4.858916759 3.264319181 -0.020956803 0.277408123 0.365094781 0.888432026
0.000000 -1.215456724 -4.858916759 3.264319181 -0.020956803 0.277408123 0.365094781 0.888432026
0.000000 -1.215456724 -4.858916759 3.264319181 -0.020956803 0.277408123 0.365094781 0.888432026
0.000000 -1.215456724 -4.858916759 3.264319181 -0.020956803 0.277408123 0.365094781 0.888432026
0.000000 -1.215456724 -4.858916759 3.264319181 -0.020956803 0.277408123 0.365094781 0.888432026
0.000000 -1.215456724 -4.858916759 3.264319181 -0.020956803 0.277408123 0.365094781 0.888432026
0.000000 -1.215456724 -4.858916759 3.264319181 -0.020956803 0.277408123 0.365094781 0.888432026
0.000000 -1.215456724 -4.858916759 3.264319181 -0.020956803 0.277408123 0.365094781 0.888432026
0.000000 -1.215456724 -4.858916759 3.264319181 -0.020956803 0.277408123 0.365094781 0.888432026
0.000000 -1.215456724 -4.858916759 3.264319181 -0.020956803 0.277408123 0.365094781 0.888432026
0.000000 -1.215456724 -4.858916759 3.264319181 -0.020956803 0.277408123 0.365094781 0.888432026
0.000000 -1.215456724 -4.858916759 3.264319181 -0.020956803 0.277408123 0.365094781 0.888432026
0.000000 -1.215456724 -4.858916759 3.264319181 -0.020956803 0.277408123 0.365094781 0.888432026
0.000000 -1.215456724 -4.858916759 3.264319181 -0.020956803 0.277408123 0.365094781 0.888432026
0.000000 -1.215456724 -4.858916759 3.264319181 -0.020956803 0.277408123 0.365094781 0.888432026
0.000000 -1.215456724 -4.858916759 3.264319181 -0.020956803 0.277408123 0.365094781 0.888432026
0.000000 -1.215456724 -4.858916759 3.264319181 -0.020956803 0.277408123 0.365094781 0.888432026
0.000000 -1.215456724 -4.858916759 3.264319181 -0.020956803 0.277408123 0.365094781 0.888432026
0.000000 -1.215456724 -4.858916759 3.264319181 -0.020956803 0.277408123 0.365094781 0.888432026
0.000000 -1.215456724 -4.858916759 3.264319181 -0.020956803 0.277408123 0.365094781 0.888432026
0.000000 -1.215456724 -4.858916759 3.264319181 -0.020956803 0.277408123 0.365094781 0.888432026
0.000000 -1.215456724 -4.858916759 3.264319181 -0.020956803 0.277408123 0.365094781 0.888432026
0.000000 -1.215456724 -4.858916759 3.264319181 -0.020956803 0.277408123 0.365094781 0.888432026
0.000000 -1.215456724 -4.858916759 3.264319181 -0.020956803 0.277408123 0.365094781 0.888432026
0.000000 -1.215456724 -4.858916759 3.264319181 -0.020956803 0.277408123 0.365094781 0.888432026
0.000000 -1.215456724 -4.858916759 3.264319181 -0.020956803 0.277408123 0.365094781 0.888432026
0.000000 -1.215456724 -4.858916759 3.264319181 -0.020956803 0.277408123 0.365094781 0.888432026
0.000000 -1.215456724 -4.858916759 3.264319181 -0.020956803 0.277408123 0.365094781 0.888432026
0.000000 -1.215456724 -4.858916759 3.264319181 -0.020956803 0.277408123 0.365094781 0.888432026
0.000000 -1.215456724 -4.858916759 3.264319181 -0.020956803 0.277408123 0.365094781 0.888432026
0.000000 -1.215456724 -4.858916759 3.264319181 -0.020956803 0.277408123 0.365094781 0.888432026
0.000000 -1.215456724 -4.858916759 3.264319181 -0.020956803 0.277408123 0.365094781 0.888432026
0.000000 -1.215456724 -4.858916759 3.264319181 -0.020956803 0.277408123 0.365094781 0.888432026
0.000000 -1.215456724 -4.858916759 3.264319181 -0.020956803 0.277408123 0.365094781 0.888432026
0.000000 -1.215456724 -4.858916759 3.264319181 -0.020956803 0.277408123 0.365094781 0.888432026
0.000000 -1.215456724 -4.858916759 3.264319181 -0.020956803 0.277408123 0.365094781 0.888432026
0.000000 -1.215456724 -4.858916759 3.264319181 -0.020956803 0.277408123 0.365094781 0.888432026
0.000000 -1.215456724 -4.858916759 3.264319181 -0.020956803 0.277408123 0.365094781 0.888432026
0.000000 -1.215456724 -4.858916759 3.264319181 -0.020956803 0.277408123 0.365094781 0.888432026
0.000000 -1.215456724 -4.858916759 3.264319181 -0.020956803 0.277408123 0.365094781 0.888432026
0.000000 -1.215456724 -4.858916759 3.264319181 -0.020956803 0.277408123 0.365094781 0.888432026
0.000000 -1.215456724 -4.858916759 3.264319181 -0.020956803 0.277408123 0.365094781 0.888432026
0.000000 -1.215456724 -4.858916759 3.264319181 -0.020956803 0.277408123 0.365094781 0.888432026
0.000000 -1.215456724 -4.858916759 3.264319181 -0.020956803 0.277408123 0.365094781 0.888432026
0.000000 -1.215456724 -4.858916759 3.264319181 -0.020956803 0.277408123 0.365094781 0.888432026
0.000000 -1.215456724 -4.858916759 3.264319181 -0.020956803 0.277408123 0.365094781 0.888432026
0.000000 -1.215456724 -4.858916759 3.264319181 -0.020956803 0.277408123 0.365094781 0.888432026
0.000000 -1.215456724 -4.858916759 3.264319181 -0.020956803 0.277408123 0.365094781 0.888432026
0.000000 -1.215456724 -4.858916759 3.264319181 -0.020956803 0.277408123 0.365094781 0.888432026
0.000000 -1.215456724 -4.858916759 3.264319181 -0.020956803 0.277408123 0.365094781 0.888432026
0.000000 -1.215456724 -4.858916759 3.264319181 -0.020956803 0.277408123 0.365094781 0.888432026
0.000000 -1.215456724 -4.858916759 3.264319181 -0.020956803 0.277408123 0.365094781 0.888432026
0.000000 -1.215456724 -4.858916759 3.264319181 -0.020956803 0.277408123 0.365094781 0.888432026
0.000000 -1.215456724 -4.858916759 3.264319181 -0.020956803 0.277408123 0.365094781 0.888432026
0.000000 -1.215456724 -4.858916759 3.264319181 -0.020956803 0.277408123 0.365094781 0.888432026
0.000000 -1.215456724 -4.858916759 3.264319181 -0.020956803 0.277408123 0.365094781 0.888432026
0.000000 -1.215456724 -4.858916759 3.264319181 -0.020956803 0.277408123 0.365094781 0.888432026
0.000000 -1.215456724 -4.858916759 3.264319181 -0.020956803 0.277408123 0.365094781 0.888432026
0.000000 -1.215456724 -4.858916759 3.264319181 -0.020956803 0.277408123 0.365094781 0.888432026
0.000000 -1.215456724 -4.858916759 3.264319181 -0.020956803 0.277408123 0.365094781 0.888432026
0.000000 -1.215456724 -4.858916759 3.264319181 -0.020956803 0.277408123 0.365094781 0.888432026
0.000000 -1.215456724 -4.858916759 3.264319181 -0.020956803 0.277408123 0.365094781 0.888432026
0.000000 -1.215456724 -4.858916759 3.264319181 -0.020956803 0.277408123 0.365094781 0.888432026
0.000000 -1.215456724 -4.858916759 3.264319181 -0.020956803 0.277408123 0.365094781 0.888432026
0.000000 -1.215456724 -4.858916759 3.264319181 -0.020956803 0.277408123 0.365094781 0.888432026
0.000000 -1.215456724 -4.858916759 3.264319181 -0.020956803 0.277408123 0.365094781 0.888432026
0.000000 -1.215456724 -4.858916759 3.264319181 -0.020956803 0.277408123 0.365094781 0.888432026
0.000000 -1.215456724 -4.858916759 3.264319181 -0.020956803 0.277408123 0.365094781 0.888432026
0.000000 -1.215456724 -4.858916759 3.264319181 -0.020956803 0.277408123 0.365094781 0.888432026
0.000000 -1.215456724 -4.858916759 3.264319181 -0.020956803 0.277408123 0.365094781 0.888432026
0.000000 -1.215456724 -4.858916759 3.264319181 -0.020956803 0.277408123 0.365094781 0.888432026
0.000000 -1.215456724 -4.858916759 3.264319181 -0.020956803 0.277408123 0.365094781 0.888432026
0.000000 -1.215456724 -4.858916759 3.264319181 -0.020956803 0.277408123 0.365094781 0.888432026
0.000000 -1.215456724 -4.858916759 3.264319181 -0.020956803 0.277408123 0.365094781 0.888432026
0.000000 -1.215456724 -4.858916759 3.264319181 -0.020956803 0.277408123 0.365094781 0.888432026
0.000000 -1.215456724 -4.858916759 3.264319181 -0.020956803 0.277408123 0.365094781 0.888432026
0.000000 -1.215456724 -4.858916759 3.264319181 -0.020956803 0.277408123 0.365094781 0.888432026
0.000000 -1.215456724 -4.858916759 3.264319181 -0.020956803 0.277408123 0.365094781 0.888432026
0.000000 -1.215456724 -4.858916759 3.264319181 -0.020956803 0.277408123 0.365094781 0.888432026
0.000000 -1.215456724 -4.858916759 3.264319181 -0.020956803 0.277408123 0.365094781 0.888432026
0.000000 -1.215456724 -4.858916759 3.264319181 -0.020956803 0.277408123 0.365094781 0.888432026
0.000000 -1.215456724 -4.858916759 3.264319181 -0.020956803 0.277408123 0.365094781 0.888432026
0.000000 -1.215456724 -4.858916759 3.264319181 -0.020956803 0.277408123 0.365094781 0.888432026
0.000000 -1.215456724 -4.858916759 3.264319181 -0.020956803 0.277408123 0.365094781 0.888432026
0.000000 -1.215456724 -4.858916759 3.264319181 -0.020956803 0.277408123 0.365094781 0.888432026
0.000000 -1.215456724 -4.858916759 3.264319181 -0.020956803 0.277408123 0.365094781 0.888432026
0.000000 -1.215456724 -4.858916759 3.264319181 -0.020956803 0.277408123 0.365094781 0.888432026
0.000000 -1.215456724 -4.858916759 3.264319181 -0.020956803 0.277408123 0.365094781 0.888432026
0.000000 -1.215456724 -4.858916759 3.264319181 -0.020956803 0.277408123 0.365094781 0.888432026
0.000000 -1.215456724 -4.858916759 3.264319181 -0.020956803 0.277408123 0.365094781 0.888432026
0.000000 -1.215456724 -4.858916759 3.264319181 -0.020956803 0.277408123 0.365094781 0.888432026
0.000000 -1.215456724 -4.858916759 3.264319181 -0.020956803 0.277408123 0.365094781 0.888432026
0.000000 -1.215456724 -4.858916759 3.264319181 -0.020956803 0.277408123 0.365094781 0.888432026
0.000000 -1.215456724 -4.858916759 3.264319181 -0.020956803 0.277408123 0.365094781 0.888432026
0.000000 -1.215456724 -4.858916759 3.264319181 -0.020956803 0.277408123 0.365094781 0.888432026
0.000000 -1.215456724 -4.858916759 3.264319181 -0.020956803 0.277408123 0.365094781 0.888432026
0.000000 -1.215456724 -4.858916759 3.264319181 -0.020956803 0.277408123 0.365094781 0.888432026
0.000000 -1.215456724 -4.858916759 3.264319181 -0.020956803 0.277408123 0.365094781 0.888432026
0.000000 -1.215456724 -4.858916759 3.264319181 -0.020956803 0.277408123 0.365094781 0.888432026
0.000000 -1.215456724 -4.858916759 3.264319181 -0.020956803 0.277408123 0.365094781 0.888432026
0.000000 -1.215456724 -4.858916759 3.264319181 -0.020956803 0.277408123 0.365094781 0.888432026
0.000000 -1.215456724 -4.858916759 3.264319181 -0.020956803 0.277408123 0.365094781 0.888432026
0.000000 -1.215456724 -4.858916759 3.264319181 -0.020956803 0.277408123 0.365094781 0.888432026
0.000000 -1.215456724 -4.858916759 3.264319181 -0.020956803 0.277408123 0.365094781 0.888432026
0.000000 -1.215456724 -4.858916759 3.264319181 -0.020956803 0.277408123 0.365094781 0.888432026
0.000000 -1.215456724 -4.858916759 3.264319181 -0.020956803 0.277408123 0.365094781 0.888432026
0.000000 -1.215456724 -4.858916759 3.264319181 -0.020956803 0.277408123 0.365094781 0.888432026
0.000000 -1.215456724 -4.858916759 3.264319181 -0.020956803 0.277408123 0.365094781 0.888432026
0.000000 -1.215456724 -4.858916759 3.264319181 -0.020956803 0.277408123 0.365094781 0.888432026
0.000000 -1.215456724 -4.858916759 3.264319181 -0.020956803 0.277408123 0.365094781 0.888432026
0.000000 -1.215456724 -4.858916759 3.264319181 -0.020956803 0.277408123 0.365094781 0.888432026
0.000000 -1.215456724 -4.858916759 3.264319181 -0.020956803 0.277408123 0.365094781 0.888432026
0.000000 -1.215456724 -4.858916759 3.264319181 -0.020956803 0.277408123 0.365094781 0.888432026
0.000000 -1.215456724 -4.858916759 3.264319181 -0.020956803 0.277408123 0.365094781 0.888432026
0.000000 -1.215456724 -4.858916759 3.264319181 -0.020956803 0.277408123 0.365094781 0.888432026
0.000000 -1.215456724 -4.858916759 3.264319181 -0.020956803 0.277408123 0.365094781 0.888432026
0.000000 -1.215456724 -4.858916759 3.264319181 -0.020956803 0.277408123 0.365094781 0.888432026
0.000000 -1.215456724 -4.858916759 3.264319181 -0.020956803 0.277408123 0.365094781 0.888432026
0.000000 -1.215456724 -4.858916759 3.264319181 -0.020956803 0.277408123 0.365094781 0.888432026
0.000000 -1.215456724 -4.858916759 3.264319181 -0.020956803 0.277408123 0.365094781 0.888432026
0.000000 -1.215456724 -4.858916759 3.264319181 -0.020956803 0.277408123 0.365094781 0.888432026
0.000000 -1.215456724 -4.858916759 3.264319181 -0.020956803 0.277408123 0.365094781 0.888432026
0.000000 -1.215456724 -4.858916759 3.264319181 -0.020956803 0.277408123 0.365094781 0.888432026
0.000000 -1.215456724 -4.858916759 3.264319181 -0.020956803 0.277408123 0.365094781 0.888432026
0.000000 -1.215456724 -4.858916759 3.264319181 -0.020956803 0.277408123 0.365094781 0.888432026
0.000000 -1.215456724 -4.858916759 3.264319181 -0.020956803 0.277408123 0.365094781 0.888432026
0.000000 -1.215456724 -4.858916759 3.264319181 -0.020956803 0.277408123 0.365094781 0.888432026
0.000000 -1.215456724 -4.858916759 3.264319181 -0.020956803 0.277408123 0.365094781 0.888432026
0.000000 -1.215456724 -4.858916759 3.264319181 -0.020956803 0.277408123 0.365094781 0.888432026
0.000000 -1.215456724 -4.858916759 3.264319181 -0.020956803 0.277408123 0.365094781 0.888432026
0.000000 -1.215456724 -4.858916759 3.264319181 -0.020956803 0.277408123 0.365094781 0.888432026
0.000000 -1.215456724 -4.858916759 3.264319181 -0.020956803 0.277408123 0.365094781 0.888432026
0.000000 -1.215456724 -4.858916759 3.264319181 -0.020956803 0.277408123 0.365094781 0.888432026
0.000000 -1.215456724 -4.858916759 3.264319181 -0.020956803 0.277408123 0.365094781 0.888432026
0.000000 -1.215456724 -4.858916759 3.264319181 -0.020956803 0.277408123 0.365094781 0.888432026
0.000000 -1.215456724 -4.858916759 3.264319181 -0.020956803 0.277408123 0.365094781 0.888432026
0.000000 -1.215456724 -4.858916759 3.264319181 -0.020956803 0.277408123 0.365094781 0.888432026
0.000000 -1.215456724 -4.858916759 3.264319181 -0.020956803 0.277408123 0.365094781 0.888432026
0.000000 -1.215456724 -4.858916759 3.264319181 -0.020956803 0.277408123 0.365094781 0.888432026
0.000000 -1.215456724 -4.858916759 3.264319181 -0.020956803 0.277408123 0.365094781 0.888432026
0.000000 -1.215456724 -4.858916759 3.264319181 -0.020956803 0.277408123 0.365094781 0.888432026
0.000000 -1.215456724 -4.858916759 3.264319181 -0.020956803 0.277408123 0.365094781 0.888432026
0.000000 -1.215456724 -4.858916759 3.264319181 -0.020956803 0.277408123 0.365094781 0.888432026
0.000000 -1.215456724 -4.858916759 3.264319181 -0.020956803 0.277408123 0.365094781 0.888432026
0.000000 -1.215456724 -4.858916759 3.264319181 -0.020956803 0.277408123 0.365094781 0.888432026
0.000000 -1.215456724 -4.858916759 3.264319181 -0.020956803 0.277408123 0.365094781 0.888432026
0.000000 -1.215456724 -4.858916759 3.264319181 -0.020956803 0.277408123 0.365094781 0.888432026
0.000000 -1.215456724 -4.858916759 3.264319181 -0.020956803 0.277408123 0.365094781 0.888432026
0.000000 -1.215456724 -4.858916759 3.264319181 -0.020956803 0.277408123 0.365094781 0.888432026
0.000000 -1.215456724 -4.858916759 3.264319181 -0.020956803 0.277408123 0.365094781 0.888432026
0.000000 -1.215456724 -4.858916759 3.264319181 -0.020956803 0.277408123 0.365094781 0.888432026
0.000000 -1.215456724 -4.858916759 3.264319181 -0.020956803 0.277408123 0.365094781 0.888432026
0.000000 -1.215456724 -4.858916759 3.264319181 -0.020956803 0.277408123 0.365094781 0.888432026
0.000000 -1.215456724 -4.858916759 3.264319181 -0.020956803 0.277408123 0.365094781 0.888432026
0.000000 -1.215456724 -4.858916759 3.264319181 -0.020956803 0.277408123 0.365094781 0.888432026
0.000000 -1.215456724 -4.858916759 3.264319181 -0.020956803 0.277408123 0.365094781 0.888432026
0.000000 -1.215456724 -4.858916759 3.264319181 -0.020956803 0.277408123 0.365094781 0.888432026
0.000000 -1.215456724 -4.858916759 3.264319181 -0.020956803 0.277408123 0.365094781 0.888432026
0.000000 -1.215456724 -4.858916759 3.264319181 -0.020956803 0.277408123 0.365094781 0.888432026
0.000000 -1.215456724 -4.858916759 3.264319181 -0.020956803 0.277408123 0.365094781 0.888432026
0.000000 -1.215456724 -4.858916759 3.264319181 -0.020956803 0.277408123 0.365094781 0.888432026
0.000000 -1.215456724 -4.858916759 3.264319181 -0.020956803 0.277408123 0.365094781 0.888432026
0.000000 -1.215456724 -4.858916759 3.264319181 -0.020956803 0.277408123 0.365094781 0.888432026
0.000000 -1.215456724 -4.858916759 3.264319181 -0.020956803 0.277408123 0.365094781 0.888432026
0.000000 -1.215456724 -4.858916759 3.264319181 -0.020956803 0.277408123 0.365094781 0.888432026
0.000000 -1.215456724 -4.858916759 3.264319181 -0.020956803 0.277408123 0.365094781 0.888432026
0.000000 -1.215456724 -4.858916759 3.264319181 -0.020956803 0.277408123 0.365094781 0.888432026
0.000000 -1.215456724 -4.858916759 3.264319181 -0.020956803 0.277408123 0.365094781 0.888432026
0.000000 -1.215456724 -4.858916759 3.264319181 -0.020956803 0.277408123 0.365094781 0.888432026
0.000000 -1.215456724 -4.858916759 3.264319181 -0.020956803 0.277408123 0.365094781 0.888432026
0.000000 -1.215456724 -4.858916759 3.264319181 -0.020956803 0.277408123 0.365094781 0.888432026
0.000000 -1.215456724 -4.858916759 3.264319181 -0.020956803 0.277408123 0.365094781 0.888432026
0.000000 -1.215456724 -4.858916759 3.264319181 -0.020956803 0.277408123 0.365094781 0.888432026
0.000000 -1.215456724 -4.858916759 3.264319181 -0.020956803 0.277408123 0.365094781 0.888432026
0.000000 -1.215456724 -4.858916759 3.264319181 -0.020956803 0.277408123 0.365094781 0.888432026
0.000000 -1.215456724 -4.858916759 3.264319181 -0.020956803 0.277408123 0.365094781 0.888432026
0.000000 -1.215456724 -4.858916759 3.264319181 -0.020956803 0.277408123 0.365094781 0.888432026
0.000000 -1.215456724 -4.858916759 3.264319181 -0.020956803 0.277408123 0.365094781 0.888432026
0.000000 -1.215456724 -4.858916759 3.264319181 -0.020956803 0.277408123 0.365094781 0.888432026
0.000000 -1.215456724 -4.858916759 3.264319181 -0.020956803 0.277408123 0.365094781 0.888432026
0.000000 -1.215456724 -4.858916759 3.264319181 -0.020956803 0.277408123 0.365094781 0.888432026
0.000000 -1.215456724 -4.858916759 3.264319181 -0.020956803 0.277408123 0.365094781 0.888432026
0.000000 -1.215456724 -4.858916759 3.264319181 -0.020956803 0.277408123 0.365094781 0.888432026
0.000000 -1.215456724 -4.858916759 3.264319181 -0.020956803 0.277408123 0.365094781 0.888432026
0.000000 -1.215456724 -4.858916759 3.264319181 -0.020956803 0.277408123 0.365094781 0.888432026
0.000000 -1.215456724 -4.858916759 3.264319181 -0.020956803 0.277408123 0.365094781 0.888432026
0.000000 -1.215456724 -4.858916759 3.264319181 -0.020956803 0.277408123 0.365094781 0.888432026
0.000000 -1.215456724 -4.858916759 3.264319181 -0.020956803 0.277408123 0.365094781 0.888432026
0.000000 -1.215456724 -4.858916759 3.264319181 -0.020956803 0.277408123 0.365094781 0.888432026
0.000000 -1.215456724 -4.858916759 3.264319181 -0.020956803 0.277408123 0.365094781 0.888432026
0.000000 -1.215456724 -4.858916759 3.264319181 -0.020956803 0.277408123 0.365094781 0.888432026
0.000000 -1.215456724 -4.858916759 3.264319181 -0.020956803 0.277408123 0.365094781 0.888432026
0.000000 -1.215456724 -4.858916759 3.264319181 -0.020956803 0.277408123 0.365094781 0.888432026
0.000000 -1.215456724 -4.858916759 3.264319181 -0.020956803 0.277408123 0.365094781 0.888432026
0.000000 -1.215456724 -4.858916759 3.264319181 -0.020956803 0.277408123 0.365094781 0.888432026
0.000000 -1.215456724 -4.858916759 3.264319181 -0.020956803 0.277408123 0.365094781 0.888432026
0.000000 -1.215456724 -4.858916759 3.264319181 -0.020956803 0.277408123 0.365094781 0.888432026
0.000000 -1.215456724 -4.858916759 3.264319181 -0.020956803 0.277408123 0.365094781 0.888432026
0.000000 -1.215456724 -4.858916759 3.264319181 -0.020956803 0.277408123 0.365094781 0.888432026
0.000000 -1.215456724 -4.858916759 3.264319181 -0.020956803 0.277408123 0.365094781 0.888432026
0.000000 -1.215456724 -4.858916759 3.264319181 -0.020956803 0.277408123 0.365094781 0.888432026
0.000000 -1.215456724 -4.858916759 3.264319181 -0.020956803 0.277408123 0.365094781 0.888432026
0.000000 -1.215456724 -4.858916759 3.264319181 -0.020956803 0.277408123 0.365094781 0.888432026
0.000000 -1.215456724 -4.858916759 3.264319181 -0.020956803 0.277408123 0.365094781 0.888432026
0.000000 -1.215456724 -4.858916759 3.264319181 -0.020956803 0.277408123 0.365094781 0.888432026
0.000000 -1.215456724 -4.858916759 3.264319181 -0.020956803 0.277408123 0.365094781 0.888432026
0.000000 -1.215456724 -4.858916759 3.264319181 -0.020956803 0.277408123 0.365094781 0.888432026
0.000000 -1.215456724 -4.858916759 3.264319181 -0.020956803 0.277408123 0.365094781 0.888432026
0.000000 -1.215456724 -4.858916759 3.264319181 -0.020956803 0.277408123 0.365094781 0.888432026
0.000000 -1.215456724 -4.858916759 3.264319181 -0.020956803 0.277408123 0.365094781 0.888432026
0.000000 -1.215456724 -4.858916759 3.264319181 -0.020956803 0.277408123 0.365094781 0.888432026
0.000000 -1.215456724 -4.858916759 3.264319181 -0.020956803 0.277408123 0.365094781 0.888432026
0.000000 -1.215456724 -4.858916759 3.264319181 -0.020956803 0.277408123 0.365094781 0.888432026
0.000000 -1.215456724 -4.858916759 3.264319181 -0.020956803 0.277408123 0.365094781 0.888432026
0.000000 -1.215456724 -4.858916759 3.264319181 -0.020956803 0.277408123 0.365094781 0.888432026
0.000000 -1.215456724 -4.858916759 3.264319181 -0.020956803 0.277408123 0.365094781 0.888432026
0.000000 -1.215456724 -4.858916759 3.264319181 -0.020956803 0.277408123 0.365094781 0.888432026
0.000000 -1.215456724 -4.858916759 3.264319181 -0.020956803 0.277408123 0.365094781 0.888432026
0.000000 -1.215456724 -4.858916759 3.264319181 -0.020956803 0.277408123 0.365094781 0.888432026
0.000000 -1.215456724 -4.858916759 3.264319181 -0.020956803 0.277408123 0.365094781 0.888432026
0.000000 -1.215456724 -4.858916759 3.264319181 -0.020956803 0.277408123 0.365094781 0.888432026
0.000000 -1.215456724 -4.858916759 3.264319181 -0.020956803 0.277408123 0.365094781 0.888432026
0.000000 -1.215456724 -4.858916759 3.264319181 -0.020956803 0.277408123 0.365094781 0.888432026
0.000000 -1.215456724 -4.858916759 3.264319181 -0.020956803 0.277408123 0.365094781 0.888432026
0.000000 -1.215456724 -4.858916759 3.264319181 -0.020956803 0.277408123 0.365094781 0.888432026
0.000000 -1.215456724 -4.858916759 3.264319181 -0.020956803 0.277408123 0.365094781 0.888432026
0.000000 -1.215456724 -4.858916759 3.264319181 -0.020956803 0.277408123 0.365094781 0.888432026
0.000000 -1.215456724 -4.858916759 3.264319181 -0.020956803 0.277408123 0.365094781 0.888432026
0.000000 -1.215456724 -4.858916759 3.264319181 -0.020956803 0.277408123 0.365094781 0.888432026
0.000000 -1.215456724 -4.858916759 3.264319181 -0.020956803 0.277408123 0.365094781 0.888432026
0.000000 -1.215456724 -4.858916759 3.264319181 -0.020956803 0.277408123 0.365094781 0.888432026
0.000000 -1.215456724 -4.858916759 3.264319181 -0.020956803 0.277408123 0.365094781 0.888432026
0.000000 -1.215456724 -4.858916759 3.264319181 -0.020956803 0.277408123 0.365094781 0.888432026
0.000000 -1.215456724 -4.858916759 3.264319181 -0.020956803 0.277408123 0.365094781 0.888432026
0.000000 -1.215456724 -4.858916759 3.264319181 -0.020956803 0.277408123 0.365094781 0.888432026
0.000000 -1.215456724 -4.858916759 3.264319181 -0.020956803 0.277408123 0.365094781 0.888432026
0.000000 -1.215456724 -4.858916759 3.264319181 -0.020956803 0.277408123 0.365094781 0.888432026
0.000000 -1.215456724 -4.858916759 3.264319181 -0.020956803 0.277408123 0.365094781 0.888432026
0.000000 -1.215456724 -4.858916759 3.264319181 -0.020956803 0.277408123 0.365094781 0.888432026
0.000000 -1.215456724 -4.858916759 3.264319181 -0.020956803 0.277408123 0.365094781 0.888432026
0.000000 -1.215456724 -4.858916759 3.264319181 -0.020956803 0.277408123 0.365094781 0.888432026
0.000000 -1.215456724 -4.858916759 3.264319181 -0.020956803 0.277408123 0.365094781 0.888432026
0.000000 -1.215456724 -4.858916759 3.264319181 -0.020956803 0.277408123 0.365094781 0.888432026
0.000000 -1.215456724 -4.858916759 3.264319181 -0.020956803 0.277408123 0.365094781 0.888432026
0.000000 -1.215456724 -4.858916759 3.264319181 -0.020956803 0.277408123 0.365094781 0.888432026
0.000000 -1.215456724 -4.858916759 3.264319181 -0.020956803 0.277408123 0.365094781 0.888432026
