0.000000 -0.034264602 0.014495028 -0.040868819 -0.043689724 0.013600362 -0.012682676 0.998872101
0.000000 -0.045961209 0.014532243 -0.050906070 -0.049719218 0.017256621 -0.012015165 0.998541892
0.000000 -0.046271194 0.012596621 -0.051347695 -0.052916158 0.016738744 -0.011674734 0.998390436
0.000000 -0.045642436 0.002255996 -0.038420696 -0.033727814 0.018005908 -0.013608611 0.999176204
0.000000 -0.059244424 -0.018800139 -0.037684847 -0.004973304 0.023877205 -0.015159989 0.999587595
0.000000 -0.058226399 -0.022536956 -0.027331723 0.004738268 0.021481307 -0.016069280 0.999628901
0.000000 -0.063574538 -0.044834964 -0.022258986 0.002538358 0.016373409 -0.012212247 0.999788165
0.000000 -0.073644817 -0.038778447 -0.019108932 0.011389483 0.013690152 -0.008706523 0.999803543
0.000000 -0.075557001 -0.039848816 -0.018112427 0.014195612 0.011066196 -0.006395156 0.999817550
0.000000 -0.075607426 -0.039019965 -0.019109318 0.010177537 0.009814632 -0.005829023 0.999883115
0.000000 -0.075568028 -0.039050486 -0.022234458 0.001636696 0.012372469 -0.007502365 0.999894023
0.000000 -0.070039429 -0.036458973 -0.030223086 -0.016166318 0.019134212 -0.014898811 0.999575198
0.000000 -0.065451890 -0.034436960 -0.034713425 -0.018268511 0.029716667 -0.028504197 0.998984873
0.000000 -0.066001378 -0.040296737 -0.038601428 -0.012696852 0.033187494 -0.033416886 0.998809636
0.000000 -0.067327335 -0.042046722 -0.040041666 -0.011949882 0.032891832 -0.032863386 0.998847008
0.000000 -0.072730005 -0.042201012 -0.039977152 -0.009479345 0.033426963 -0.031759791 0.998891473
0.000000 -0.076133765 -0.041422777 -0.041354481 -0.010276592 0.033868819 -0.032006934 0.998860776
0.000000 -0.087255239 -0.043872651 -0.043103028 -0.011797598 0.037846278 -0.035129134 0.998596251
0.000000 -0.100101650 -0.046259411 -0.043775808 -0.011739888 0.041345321 -0.037067577 0.998388052
0.000000 -0.117572889 -0.047354173 -0.043572094 -0.007105026 0.042048153 -0.036719792 0.998415351
0.000000 -0.127028465 -0.047129512 -0.042496175 -0.004747819 0.039860461 -0.034587748 0.998595238
0.000000 -0.140722334 -0.048486773 -0.041902214 -0.003181395 0.038877144 -0.032379750 0.998714149
0.000000 -0.165014550 -0.046521220 -0.039355963 -0.003131779 0.037641097 -0.027594641 0.998905361
0.000000 -0.179168999 -0.046340305 -0.040855318 -0.004233635 0.037381779 -0.025879888 0.998956919
0.000000 -0.205814481 -0.043052681 -0.037753373 -0.005008989 0.039543282 -0.027049251 0.998839140
0.000000 -0.219730556 -0.041014779 -0.038185239 -0.005529863 0.038914826 -0.025823420 0.998893499
0.000000 -0.233456314 -0.038439501 -0.036440406 -0.004355797 0.038187783 -0.024219885 0.998967588
0.000000 -0.263758212 -0.037397567 -0.036574632 -0.002874475 0.040699001 -0.025628271 0.998838603
0.000000 -0.278036654 -0.036232058 -0.035805363 -0.000635512 0.039721288 -0.025154518 0.998893976
0.000000 -0.311171263 -0.034113105 -0.037242383 0.001522057 0.037653316 -0.029697618 0.998848319
0.000000 -0.326284617 -0.030494098 -0.035381179 0.002506588 0.035954222 -0.033597652 0.998785377
0.000000 -0.354766041 -0.024069095 -0.033892654 0.000006515 0.037043631 -0.039956301 0.998514593
0.000000 -0.389263272 -0.018458880 -0.040223755 -0.007773382 0.042180803 -0.045025907 0.998064637
0.000000 -0.404940337 -0.016891021 -0.040551398 -0.006228101 0.043779772 -0.046841349 0.997923076
0.000000 -0.438736171 -0.013630117 -0.038588207 0.000526701 0.041753497 -0.045158792 0.998106778
0.000000 -0.486048102 -0.010209531 -0.040614426 0.002486701 0.036030453 -0.036551680 0.998678923
0.000000 -0.530144811 -0.009470327 -0.049315464 -0.003803354 0.021341326 -0.048088439 0.998607814
0.000000 -0.548951209 -0.002764660 -0.042663846 -0.006492191 0.010735078 -0.059109930 0.998172700
0.000000 -0.572744250 -0.000400955 -0.044837926 -0.007905033 0.002773183 -0.071703367 0.997390866
0.000000 -0.614582956 -0.001298499 -0.051997874 -0.005553433 -0.017797481 -0.086073361 0.996114433
0.000000 -0.657723725 -0.000645294 -0.061637066 -0.000057441 -0.028922584 -0.099809192 0.994586229
0.000000 -0.701286137 0.008156424 -0.059597947 -0.000837009 -0.034775782 -0.116150744 0.992622256
0.000000 -0.739061475 0.015207933 -0.069821447 -0.011799362 -0.047405005 -0.119733758 0.991603494
0.000000 -0.758803964 0.024082419 -0.061009459 -0.013387550 -0.051226452 -0.125364572 0.990696907
0.000000 -0.795836806 0.023180034 -0.073001005 -0.015289292 -0.060716450 -0.137980372 0.988453925
0.000000 -0.811310053 0.030602198 -0.064273082 -0.011802570 -0.062189829 -0.143284664 0.987655103
0.000000 -0.839098990 0.032437325 -0.066170149 -0.011767805 -0.065351918 -0.156282648 0.985477746
0.000000 -0.851551890 0.034765910 -0.064299114 -0.009408454 -0.068089262 -0.163278237 0.984182715
0.000000 -0.870312572 0.037179612 -0.061535764 -0.007873456 -0.076433972 -0.174450234 0.981663406
0.000000 -0.882414460 0.034758285 -0.065185659 -0.009227211 -0.081652991 -0.179282457 0.980359852
0.000000 -0.905318141 0.031333063 -0.066336006 -0.006323994 -0.091572426 -0.186781928 0.978103817
0.000000 -0.909788966 0.030937290 -0.064611733 -0.003772117 -0.099150300 -0.192349568 0.976297438
0.000000 -0.919676363 0.020648431 -0.072163671 -0.007602633 -0.102690324 -0.198221847 0.974733353
0.000000 -0.967228711 0.032435786 -0.074089415 -0.005956340 -0.098224260 -0.205795646 0.973634779
0.000000 -0.971481442 0.033675611 -0.073512025 -0.008617489 -0.099806085 -0.206559688 0.973292232
0.000000 -0.988755345 0.027691137 -0.075494409 -0.006411387 -0.093965590 -0.213905737 0.972303331
0.000000 -0.999004781 0.027170567 -0.078820281 -0.002775474 -0.089757688 -0.219631046 0.971441269
0.000000 -1.024435997 0.031920381 -0.080952659 0.002080361 -0.086704955 -0.228392050 0.969698429
0.000000 -1.032049417 0.033829242 -0.082469344 0.001341292 -0.086527742 -0.232887834 0.968645632
0.000000 -1.042311668 0.037801109 -0.084076442 -0.000540165 -0.085881278 -0.236978471 0.967711449
0.000000 -1.063068151 0.046306547 -0.089165114 -0.005409077 -0.089384019 -0.239882886 0.966663122
0.000000 -1.086646557 0.055612247 -0.095598906 -0.017442659 -0.099676915 -0.237051576 0.966212630
0.000000 -1.098977685 0.062226910 -0.096866064 -0.017682701 -0.104654573 -0.237047315 0.965682864
0.000000 -1.124613285 0.059342314 -0.104738362 -0.012750613 -0.116759956 -0.241209224 0.963339388
0.000000 -1.160551786 0.087009862 -0.104294039 -0.000359166 -0.111603260 -0.253147542 0.960968733
0.000000 -1.169745207 0.090139210 -0.106630795 -0.000637823 -0.113390751 -0.259873629 0.958961904
0.000000 -1.184848785 0.095010750 -0.114124462 -0.000727797 -0.115662001 -0.261242241 0.958318472
0.000000 -1.198036671 0.105520278 -0.116293371 0.001400008 -0.119009160 -0.261192977 0.957921267
0.000000 -1.214786768 0.117496297 -0.121176146 0.003304168 -0.119660601 -0.262222022 0.957554221
0.000000 -1.226436377 0.123602599 -0.128524110 0.001058683 -0.123359390 -0.261317819 0.957337141
0.000000 -1.243157506 0.137601584 -0.142333537 -0.008984627 -0.127782196 -0.262035191 0.956519008
0.000000 -1.267887592 0.158797979 -0.156204849 -0.007614648 -0.129762456 -0.264597982 0.955558300
0.000000 -1.295426369 0.187322825 -0.169349983 -0.007718834 -0.126669958 -0.269456506 0.954614222
0.000000 -1.304571390 0.196234554 -0.177852392 -0.008692435 -0.124642476 -0.270889223 0.954467237
0.000000 -1.322381258 0.217725694 -0.194491267 -0.011129367 -0.115170188 -0.276717752 0.953959763
0.000000 -1.329564095 0.224593371 -0.202040404 -0.011582308 -0.108362980 -0.283012718 0.952904582
0.000000 -1.352438211 0.244816333 -0.219151333 -0.008705469 -0.100992024 -0.286657393 0.952655494
0.000000 -1.366621494 0.254270613 -0.228547260 -0.007903192 -0.099221930 -0.286675721 0.952842891
0.000000 -1.379553199 0.266001105 -0.235818833 -0.006491472 -0.100146979 -0.284596920 0.953379810
0.000000 -1.411804199 0.290199608 -0.250584692 -0.004905813 -0.100718379 -0.280178130 0.954637110
0.000000 -1.448750019 0.317462683 -0.266775370 -0.006397591 -0.102072187 -0.273245245 0.956492245
0.000000 -1.481848121 0.341609657 -0.279743046 -0.007396885 -0.105438836 -0.267667621 0.957696199
0.000000 -1.518463612 0.365953386 -0.296222955 -0.010438012 -0.109442458 -0.259408385 0.959489822
0.000000 -1.539547205 0.378352046 -0.304142237 -0.009313122 -0.113501795 -0.252732664 0.960810483
0.000000 -1.554011583 0.390417874 -0.306659281 -0.004597227 -0.114273749 -0.251610607 0.961047590
0.000000 -1.581967115 0.409165382 -0.320211887 0.001520738 -0.108845659 -0.254423350 0.960946977
0.000000 -1.605906248 0.430676252 -0.331343114 -0.002032877 -0.104677476 -0.255194902 0.961204529
0.000000 -1.616768003 0.442518145 -0.337654769 -0.006560944 -0.103755288 -0.254345685 0.961509347
0.000000 -1.638252020 0.460986227 -0.348340243 -0.008431269 -0.102487423 -0.253563672 0.961837173
0.000000 -1.657325387 0.475703299 -0.357978970 -0.005049723 -0.101439014 -0.254173338 0.961811066
0.000000 -1.675932050 0.484093994 -0.370049000 0.002623589 -0.100105129 -0.256499529 0.961342931
0.000000 -1.687435627 0.488555968 -0.384645015 0.009858618 -0.095123671 -0.263622493 0.959873736
0.000000 -1.697664738 0.502630353 -0.399777979 0.007055511 -0.087413408 -0.270209014 0.958799422
0.000000 -1.700891137 0.507232547 -0.409401506 0.000959984 -0.084696420 -0.271452338 0.958717585
0.000000 -1.703675747 0.512358546 -0.418946385 -0.005477089 -0.080079600 -0.273865372 0.958412826
0.000000 -1.709511518 0.529640019 -0.434656203 -0.021581931 -0.071793549 -0.276941806 0.957957804
0.000000 -1.712892413 0.538105428 -0.440912724 -0.028011097 -0.071011670 -0.275366247 0.958303869
0.000000 -1.730224133 0.548715234 -0.453411579 -0.036710627 -0.068279147 -0.272737533 0.958960176
0.000000 -1.752996802 0.549695194 -0.460581124 -0.028456351 -0.074931785 -0.267225891 0.960294664
0.000000 -1.775709033 0.555135906 -0.461465627 -0.021119634 -0.077205136 -0.265559077 0.960766196
0.000000 -1.793406606 0.556315422 -0.462401301 -0.017542152 -0.070053585 -0.273853391 0.959056377
0.000000 -1.803779364 0.558696926 -0.460573733 -0.017045798 -0.065678619 -0.278397560 0.958066046
0.000000 -1.827376723 0.558996618 -0.458866090 -0.016727757 -0.062607288 -0.280294180 0.957724273
0.000000 -1.840221524 0.560181618 -0.456660420 -0.016195141 -0.061624054 -0.280169904 0.957833529
0.000000 -1.856004715 0.561288059 -0.454976082 -0.017213369 -0.062061999 -0.277589709 0.958538473
0.000000 -1.887674570 0.563421369 -0.448720694 -0.017170796 -0.066525355 -0.271650463 0.959940374
0.000000 -1.902627349 0.565376043 -0.443743318 -0.017483056 -0.067038752 -0.269667387 0.960458100
0.000000 -1.918616414 0.566472411 -0.439493567 -0.019482326 -0.066200167 -0.268632561 0.960767686
0.000000 -1.946775436 0.566656530 -0.427610993 -0.015306607 -0.059336185 -0.275298357 0.959403872
0.000000 -1.962137461 0.566402912 -0.420626283 -0.009239014 -0.054687079 -0.280175269 0.958345354
0.000000 -1.995101213 0.566240370 -0.407116294 0.000817600 -0.048512470 -0.285532117 0.957140148
0.000000 -2.032062054 0.568845272 -0.395187825 0.011902464 -0.045357008 -0.287484348 0.956636727
0.000000 -2.072263718 0.577874422 -0.385013551 0.015658902 -0.037597273 -0.293614388 0.955055952
0.000000 -2.090385437 0.586621404 -0.380685061 0.012357410 -0.035996839 -0.292670995 0.955455601
0.000000 -2.110506058 0.597799182 -0.375437826 0.009788663 -0.035013981 -0.290743649 0.956110001
0.000000 -2.157078505 0.623434722 -0.364889205 0.004830402 -0.035277039 -0.284708202 0.957952797
0.000000 -2.206118345 0.649899840 -0.355627149 0.000430109 -0.042618938 -0.274443209 0.960658312
0.000000 -2.231376410 0.665611327 -0.347623676 -0.000191839 -0.047427189 -0.266987681 0.962532163
0.000000 -2.258488178 0.678271174 -0.344247431 -0.000688511 -0.049240742 -0.261496335 0.963947415
0.000000 -2.307950020 0.702429056 -0.334498644 -0.003014886 -0.051196609 -0.254820794 0.965627372
0.000000 -2.359864950 0.726530194 -0.324548662 -0.004069470 -0.058214635 -0.243651554 0.968105614
0.000000 -2.381855488 0.740667880 -0.310405701 0.000788104 -0.063489042 -0.238938913 0.968956530
0.000000 -2.404139757 0.747630358 -0.307553828 0.002619910 -0.060702421 -0.240406007 0.968769014
0.000000 -2.440668106 0.757140756 -0.300129414 0.007433560 -0.050888479 -0.246743590 0.967715204
0.000000 -2.464638233 0.764671624 -0.288172245 0.012885804 -0.043019101 -0.253431350 0.966310441
0.000000 -2.493836641 0.770802796 -0.282759219 0.017852519 -0.034107137 -0.260390252 0.964735687
0.000000 -2.524939775 0.779611647 -0.277772874 0.016588824 -0.031890031 -0.258117557 0.965444565
0.000000 -2.553410530 0.788769603 -0.273345232 0.014730210 -0.026313849 -0.261056155 0.964852452
0.000000 -2.577486753 0.800906658 -0.262324303 0.021343248 -0.028660301 -0.260902911 0.964703441
0.000000 -2.610355854 0.811788797 -0.258961767 0.024841949 -0.034638874 -0.250794679 0.967101395
0.000000 -2.624602795 0.820615709 -0.254225761 0.024912011 -0.035122536 -0.248166665 0.967759848
0.000000 -2.631392479 0.826094389 -0.251131892 0.022722449 -0.037882235 -0.245954320 0.968274295
0.000000 -2.641701698 0.833868086 -0.249509737 0.018534515 -0.038302351 -0.244243175 0.968780041
0.000000 -2.657504559 0.847273588 -0.243761510 0.014254909 -0.037681460 -0.244258419 0.968872964
0.000000 -2.667286396 0.859609962 -0.237027541 0.015689731 -0.031098476 -0.250519484 0.967484772
0.000000 -2.676942825 0.870565116 -0.233353019 0.020146905 -0.023906605 -0.258697420 0.965452373
0.000000 -2.680850267 0.875948787 -0.231140181 0.020961652 -0.020265473 -0.262780100 0.964415133
0.000000 -2.687819719 0.885915339 -0.228587031 0.023332115 -0.015866030 -0.267261624 0.963210881
0.000000 -2.699356079 0.898907781 -0.226659760 0.022207117 -0.016537489 -0.264432520 0.964006662
0.000000 -2.711246967 0.910834551 -0.225853980 0.021579022 -0.019372366 -0.261412591 0.964791477
0.000000 -2.722796440 0.923484683 -0.224342465 0.017454838 -0.017893765 -0.261267006 0.964942873
0.000000 -2.728068113 0.927979589 -0.225000441 0.017088300 -0.018487273 -0.260373443 0.965179801
0.000000 -2.734592915 0.932333112 -0.225146815 0.017749585 -0.018724445 -0.260630608 0.965093851
0.000000 -2.746757507 0.939416647 -0.226521507 0.021931320 -0.018102294 -0.262578398 0.964491546
0.000000 -2.756175041 0.943807662 -0.229039729 0.028274002 -0.011104150 -0.268655092 0.962757409
0.000000 -2.768071890 0.949946582 -0.234147564 0.027282806 -0.005267567 -0.269256026 0.962667763
0.000000 -2.778885126 0.956686258 -0.240531832 0.021264894 -0.000572959 -0.271148384 0.962302446
0.000000 -2.786579132 0.960971951 -0.244317472 0.015126282 0.001712216 -0.271289557 0.962377489
0.000000 -2.801865578 0.967876494 -0.252275407 0.007352766 -0.004748208 -0.264271796 0.964408517
0.000000 -2.809846878 0.969337344 -0.254917532 0.007084521 -0.005454310 -0.263536185 0.964608133
0.000000 -2.817451715 0.970552802 -0.255570501 0.010126851 -0.004542928 -0.265767753 0.963973224
0.000000 -2.837619781 0.971817195 -0.257587969 0.020245777 -0.010801761 -0.260762781 0.965130150
0.000000 -2.855003357 0.970159650 -0.258847952 0.028334752 -0.018140018 -0.253614694 0.966720104
0.000000 -2.866444588 0.969989598 -0.263448507 0.027237451 -0.019883484 -0.252306461 0.967059612
0.000000 -2.876162767 0.967793941 -0.270717829 0.028174143 -0.016191266 -0.255687714 0.966213226
0.000000 -2.878745317 0.966716647 -0.274281949 0.029316943 -0.015823329 -0.255763620 0.966165125
0.000000 -2.880505323 0.965067804 -0.280073017 0.030020036 -0.016489720 -0.253858507 0.966634750
0.000000 -2.880272865 0.963995218 -0.286307812 0.034915488 -0.012879368 -0.257256567 0.965626299
0.000000 -2.878086567 0.964919090 -0.290375233 0.032072127 -0.008770129 -0.260977924 0.964772046
0.000000 -2.870596886 0.972577035 -0.296581626 0.017065655 -0.006942013 -0.260830820 0.965208769
0.000000 -2.867419958 0.978035390 -0.297153145 0.011311889 -0.009475484 -0.257873327 0.966066062
0.000000 -2.862390041 0.984703183 -0.300793231 0.008862066 -0.013737149 -0.252102166 0.967562556
0.000000 -2.849967003 0.988388300 -0.302620083 0.003178837 -0.010379753 -0.253290713 0.967329383
0.000000 -2.839289427 0.988634765 -0.304021478 0.002259172 -0.008235749 -0.254834265 0.966947079
0.000000 -2.832194328 0.987548232 -0.303336889 0.002057097 -0.005251262 -0.258261412 0.966058612
0.000000 -2.818879604 0.984824717 -0.299703181 -0.002794995 0.001801932 -0.265086502 0.964218974
0.000000 -2.808436394 0.981623232 -0.290926486 -0.006588914 0.003625392 -0.267944545 0.963405013
0.000000 -2.806210279 0.979429781 -0.284982294 -0.006003547 0.002595042 -0.267367482 0.963572443
0.000000 -2.802301884 0.970983386 -0.271192580 -0.005486907 0.001912968 -0.268140346 0.963362396
0.000000 -2.802671194 0.965496361 -0.263140321 -0.003401626 0.002133303 -0.269557834 0.962975919
0.000000 -2.801296711 0.952744365 -0.246930376 -0.003688862 0.012265787 -0.281284273 0.959539056
0.000000 -2.802876234 0.945893764 -0.237195894 -0.002123930 0.020357370 -0.289796680 0.956869364
0.000000 -2.807751179 0.938101292 -0.228071019 0.001764653 0.025101626 -0.295833349 0.954908133
0.000000 -2.825377941 0.925324917 -0.204640746 0.018957114 0.025788089 -0.299565047 0.953538895
0.000000 -2.850418091 0.916238844 -0.180319697 0.030900354 0.018559033 -0.295448482 0.954678476
0.000000 -2.867088556 0.913152695 -0.168150261 0.035419740 0.014083331 -0.291192293 0.955904901
0.000000 -2.902415991 0.910520673 -0.144357234 0.042124256 -0.000063960 -0.277027011 0.959938347
0.000000 -2.938980818 0.906992495 -0.127359152 0.050416186 -0.009425719 -0.267228186 0.962267339
0.000000 -2.971588373 0.905823588 -0.113713473 0.052655939 -0.016037704 -0.259488642 0.964176297
0.000000 -3.003730297 0.906221271 -0.102886073 0.065017067 -0.020560585 -0.255215287 0.964476705
0.000000 -3.029354095 0.909789026 -0.098614447 0.075812653 -0.019838743 -0.256190717 0.963444531
0.000000 -3.042445183 0.910756528 -0.097922668 0.091719449 -0.025244173 -0.253572226 0.962627351
0.000000 -3.061635733 0.918471336 -0.104449719 0.113709383 -0.030668564 -0.253744036 0.960074842
0.000000 -3.066621304 0.943744540 -0.119363435 0.064685926 -0.011261737 -0.260916442 0.963125944
0.000000 -3.066739798 0.961302996 -0.131050676 0.024783209 0.000639305 -0.260642111 0.965117157
0.000000 -3.069574118 0.986855090 -0.152592421 -0.018553695 0.009877606 -0.255648255 0.966541350
0.000000 -3.081438541 1.001287818 -0.164925128 -0.013386204 0.005134092 -0.249364972 0.968303502
0.000000 -3.087039948 1.002987623 -0.168966934 -0.003498163 0.001678833 -0.248761684 0.968557000
0.000000 -3.091205120 1.006178856 -0.170601994 0.007058265 0.000009071 -0.250460684 0.968101025
0.000000 -3.095189095 1.009441137 -0.173699468 0.016494220 -0.000396727 -0.252408326 0.967480183
0.000000 -3.097914457 1.015550971 -0.176956803 0.026118822 -0.000793635 -0.255310088 0.966506064
0.000000 -3.098631859 1.023214221 -0.181516081 0.023428833 0.002862286 -0.257775307 0.965916574
0.000000 -3.097132444 1.030445576 -0.185823590 0.021880740 0.004459938 -0.258462042 0.965763330
0.000000 -3.093338013 1.036465883 -0.188406378 0.022132583 0.005079143 -0.259222895 0.965550542
0.000000 -3.090734959 1.042650938 -0.190291837 0.022509137 0.005190567 -0.259088635 0.965577304
0.000000 -3.088490725 1.045946002 -0.193463951 0.023797752 0.003715418 -0.259105653 0.965548635
0.000000 -3.086713314 1.048499584 -0.193420008 0.024970617 0.002720118 -0.258838624 0.965593994
0.000000 -3.083020210 1.053044438 -0.194701225 0.027049357 0.004714061 -0.261317194 0.964862406
0.000000 -3.081345558 1.055471182 -0.195622399 0.026702248 0.005940304 -0.261990070 0.964682817
0.000000 -3.079747200 1.058115602 -0.195170537 0.027084259 0.004505386 -0.260976851 0.964954495
0.000000 -3.077630997 1.064926028 -0.193649799 0.029383965 -0.002022587 -0.255805969 0.966279387
0.000000 -3.075899601 1.068284154 -0.192541420 0.030228117 -0.004313712 -0.253300726 0.966905594
0.000000 -3.068786144 1.075062633 -0.191901729 0.029821163 -0.001718721 -0.255857378 0.966252983
0.000000 -3.064132690 1.078757763 -0.191539302 0.027906174 0.001451083 -0.258434713 0.965624511
0.000000 -3.052757978 1.087870121 -0.192327142 0.009704012 0.007862137 -0.259478152 0.965668201
0.000000 -3.045240402 1.094582200 -0.192083791 -0.009074243 0.012110150 -0.258641213 0.965854943
0.000000 -3.034750462 1.101306915 -0.190108448 -0.042246126 0.019047862 -0.257633209 0.965130866
