0.000000 0.000000000 0.000000000 0.000000000 -0.000000000 -0.000000000 -0.000000000 1.000000000
0.000000 0.020354778 0.022451181 -0.048938882 -0.004679884 -0.004814985 0.013498571 0.999886394
0.000000 0.026442617 0.029049451 -0.063003659 -0.007334528 -0.007723265 0.021690011 0.999708056
0.000000 0.025408689 0.027984774 -0.060566381 -0.010181882 -0.010639948 0.030251998 0.999433815
0.000000 0.028668521 0.031175319 -0.067064852 -0.012508431 -0.012631623 0.037260272 0.999147475
0.000000 0.040230297 0.045231599 -0.095110044 -0.016947191 -0.016488990 0.051547069 0.998390615
0.000000 0.049219627 0.053684440 -0.113636442 -0.021865923 -0.021282557 0.067714453 0.997238040
0.000000 0.146714747 0.180600464 -0.373181641 -0.027250366 -0.023796571 0.081385776 0.996025860
0.000000 0.187412769 0.227000877 -0.468082935 -0.033733897 -0.027167344 0.094299905 0.994601190
0.000000 0.188083023 0.223258123 -0.460929543 -0.036201082 -0.029283531 0.101176880 0.993778288
0.000000 0.185195297 0.219362766 -0.453436524 -0.040047448 -0.033811007 0.115914069 0.991875529
0.000000 0.185632169 0.226247057 -0.459376663 -0.043641321 -0.038950354 0.131631032 0.989571452
0.000000 0.182318956 0.216165155 -0.447811902 -0.046280432 -0.041945301 0.140919134 0.988048851
0.000000 0.161400780 0.177577183 -0.379346550 -0.047744133 -0.043390907 0.148576126 0.986794233
0.000000 0.132319391 0.135860339 -0.297624707 -0.048490398 -0.044882767 0.156225145 0.985508978
0.000000 0.103565343 0.093529478 -0.214209244 -0.049048852 -0.046326980 0.163836643 0.984177649
0.000000 0.016645525 -0.065372586 0.042185873 -0.050182112 -0.047613941 0.168343365 0.983298123
0.000000 0.006970239 -0.275880069 0.146103561 -0.054184619 -0.051159218 0.177904472 0.981222093
0.000000 -0.131857753 -0.494160652 0.562707841 -0.054622784 -0.051907972 0.180388689 0.980704844
0.000000 -0.115387909 -0.705430269 0.622666776 -0.058057014 -0.054349724 0.186267719 0.979275167
0.000000 -0.171585739 -0.890352905 0.857538342 -0.058516871 -0.055050418 0.187479854 0.978977323
0.000000 -0.322201222 -1.293560266 1.389403224 -0.058451682 -0.055089377 0.188082963 0.978863358
0.000000 -0.546021819 -1.786657810 2.134722710 -0.057955198 -0.054984007 0.188532799 0.978812218
0.000000 -0.811211348 -2.328144789 3.014354467 -0.056968633 -0.054075360 0.187895596 0.979043245
0.000000 -1.087054610 -2.863584518 3.899732351 -0.058903061 -0.055901896 0.195837066 0.977268279
0.000000 -1.242506981 -3.147936821 4.390911102 -0.061010510 -0.058150478 0.203507915 0.975438774
0.000000 -1.492763519 -3.575077534 5.114383221 -0.065328032 -0.062305976 0.217570260 0.971860826
0.000000 -1.722682714 -3.933923721 5.711784363 -0.069602609 -0.065878570 0.227672875 0.969010115
0.000000 -1.795859575 -4.071508884 5.932578564 -0.070637278 -0.066397928 0.229105487 0.968562007
0.000000 -1.966253638 -4.324881077 6.368487358 -0.070888326 -0.066147462 0.228677422 0.968662024
0.000000 -2.070461988 -4.494738579 6.653659821 -0.070905000 -0.064977393 0.225786224 0.969417870
0.000000 -2.125560760 -4.586447239 6.790353775 -0.070734456 -0.064217098 0.224266276 0.969833732
0.000000 -2.238165140 -4.789918900 7.121293545 -0.069967069 -0.062841550 0.221778780 0.970551252
0.000000 -2.374853611 -4.989954948 7.406296253 -0.069681123 -0.062395077 0.221048176 0.970767319
0.000000 -2.545833826 -5.221765041 7.756714821 -0.070058711 -0.062994465 0.222396195 0.970393419
0.000000 -2.699620008 -5.435752869 8.061439514 -0.071158916 -0.064818956 0.225380093 0.969504356
0.000000 -2.817618847 -5.598268509 8.236317635 -0.072087549 -0.066072553 0.227306470 0.968901217
0.000000 -2.855383158 -5.644670486 8.252038956 -0.072627373 -0.066698827 0.228245497 0.968597233
0.000000 -2.770047665 -5.556869984 7.903210163 -0.074046202 -0.067999981 0.230305791 0.967911363
0.000000 -2.816301107 -5.686855316 7.976739883 -0.075118907 -0.069583178 0.232779920 0.967124045
0.000000 -2.863542557 -5.774959564 8.075916290 -0.074988008 -0.069713280 0.233093753 0.967049241
0.000000 -2.927876711 -5.881259918 8.247961044 -0.074988060 -0.070385508 0.234104529 0.966756344
0.000000 -2.925904989 -5.874433517 8.129549026 -0.075550079 -0.071620367 0.236043260 0.966150284
0.000000 -3.050954819 -6.047976494 8.303536415 -0.075867318 -0.071561106 0.236360744 0.966052175
0.000000 -3.090359211 -6.108169556 8.410520554 -0.075283021 -0.070976689 0.235073343 0.966455042
0.000000 -3.139567137 -6.175825596 8.502488136 -0.074784502 -0.070254736 0.233772457 0.966861904
0.000000 -3.251100063 -6.326001644 8.687394142 -0.073817343 -0.068469994 0.230753779 0.967788994
0.000000 -3.327407360 -6.415900707 8.821272850 -0.073455498 -0.067959987 0.229471058 0.968157470
0.000000 -3.423364162 -6.537726879 9.004213333 -0.072290704 -0.066156857 0.226120710 0.969157815
0.000000 -3.483090878 -6.621870995 9.153980255 -0.071083471 -0.065645568 0.224332228 0.969697297
0.000000 -3.471242428 -6.598617554 9.097548485 -0.070812367 -0.065923341 0.224154502 0.969739377
0.000000 -3.463215351 -6.581493855 9.058854103 -0.070953079 -0.067566484 0.225126788 0.969390750
0.000000 -3.644664049 -6.826440811 9.525043488 -0.071252234 -0.068247244 0.225450054 0.969245970
0.000000 -3.839723587 -7.080761909 10.001965523 -0.070888422 -0.068238363 0.223638549 0.969692826
0.000000 -3.739825487 -6.922558784 9.654392242 -0.069724925 -0.066901699 0.220453262 0.970599294
0.000000 -3.743374109 -6.926239014 9.660712242 -0.068974547 -0.067480065 0.219456017 0.970838845
0.000000 -3.744669199 -6.929689407 9.664928436 -0.067743450 -0.067235842 0.217154786 0.971459746
0.000000 -3.720551729 -6.885650635 9.569583893 -0.067428589 -0.068667747 0.217055708 0.971403599
0.000000 -3.726385593 -6.891561985 9.577670097 -0.068296053 -0.070755653 0.219395757 0.970667183
0.000000 -3.720116138 -6.879832268 9.549777985 -0.069314554 -0.074236982 0.222384349 0.969654381
0.000000 -3.664604902 -6.792421818 9.367225647 -0.070682809 -0.077316351 0.226253316 0.968419135
0.000000 -3.663547993 -6.788427830 9.360303879 -0.069606528 -0.076865509 0.223720446 0.969121158
0.000000 -3.637498140 -6.743217468 9.266827583 -0.072926402 -0.081331186 0.231445745 0.966695368
0.000000 -3.637253761 -6.740384102 9.261505127 -0.076082483 -0.084673405 0.238797411 0.964374244
0.000000 -3.640049934 -6.741466522 9.261840820 -0.077657774 -0.086508676 0.242125586 0.963255286
0.000000 -3.653968811 -6.765057564 9.306884766 -0.078260273 -0.087571271 0.239708155 0.963715017
0.000000 -3.639742374 -6.741161346 9.262258530 -0.080140583 -0.091160454 0.240576968 0.963010907
0.000000 -3.611094713 -6.696927071 9.175918579 -0.083352134 -0.097881325 0.247759312 0.960253656
0.000000 -3.589551926 -6.669713974 9.122807503 -0.085034057 -0.103179611 0.252826273 0.958228588
0.000000 -3.626166105 -6.721684933 9.225097656 -0.085024528 -0.104699269 0.253652602 0.957846165
0.000000 -3.644805431 -6.747847080 9.267108917 -0.085608758 -0.107643783 0.256930351 0.956593335
0.000000 -3.641963482 -6.748569012 9.255886078 -0.088996693 -0.114420749 0.267028004 0.952724278
0.000000 -3.675411224 -6.801711559 9.344537735 -0.091072038 -0.119008891 0.272743255 0.950344086
0.000000 -3.781713486 -6.940135956 9.618344307 -0.091849752 -0.121100053 0.275403470 0.949237227
0.000000 -3.837390423 -7.019812107 9.765705109 -0.092446357 -0.123725958 0.278828740 0.947839677
0.000000 -3.858261347 -7.051452637 9.820667267 -0.092837267 -0.125168309 0.280863762 0.947010934
0.000000 -3.882301807 -7.087911606 9.885791779 -0.093111634 -0.126940668 0.283953130 0.945826054
0.000000 -3.909049034 -7.130582809 9.960520744 -0.093409933 -0.129233077 0.287844390 0.944308758
0.000000 -3.925542355 -7.155818939 10.005774498 -0.093156464 -0.129752427 0.288490027 0.944065571
0.000000 -3.949978590 -7.193583488 10.068147659 -0.092241369 -0.130454227 0.289763480 0.943668604
0.000000 -3.990118265 -7.256485939 10.182450294 -0.091790892 -0.130696848 0.289621741 0.943722427
0.000000 -4.005139828 -7.280000687 10.222318649 -0.089049958 -0.126613453 0.281843454 0.946891487
0.000000 -4.019491196 -7.302248955 10.264243126 -0.086802050 -0.123661309 0.275888532 0.949241161
0.000000 -4.034287453 -7.323537827 10.302037239 -0.086912341 -0.124179639 0.276094228 0.949103653
0.000000 -4.065861702 -7.374096870 10.394337654 -0.086006045 -0.123873733 0.273238450 0.950052142
0.000000 -4.084434032 -7.401374340 10.442265511 -0.085681394 -0.124114141 0.272313297 0.950315654
0.000000 -4.093052387 -7.414186478 10.463200569 -0.085963532 -0.125291511 0.273110509 0.949906826
0.000000 -4.129911423 -7.467473507 10.554849625 -0.085200153 -0.125669807 0.272313207 0.950154483
0.000000 -4.130575657 -7.469991207 10.555315018 -0.083683848 -0.125000581 0.269545853 0.951166093
0.000000 -4.130549431 -7.469099998 10.551163673 -0.083143398 -0.124891765 0.268473387 0.951530993
0.000000 -4.149454594 -7.502909184 10.614859581 -0.082221463 -0.126230910 0.267130613 0.951812267
0.000000 -4.103911400 -7.435495377 10.499226570 -0.083635241 -0.130918205 0.271562487 0.949799716
0.000000 -4.103163242 -7.433633327 10.491315842 -0.084350675 -0.133285314 0.273826420 0.948756635
0.000000 -4.027947426 -7.318037510 10.293653488 -0.082030110 -0.132609546 0.269056737 0.950417936
0.000000 -4.024679184 -7.314497471 10.288043022 -0.084755093 -0.138121039 0.275767744 0.947465718
0.000000 -3.995143414 -7.273859024 10.219680786 -0.084200360 -0.139649227 0.272911787 0.948117912
0.000000 -3.972603798 -7.242447376 10.164652824 -0.087428831 -0.145325735 0.279413939 0.945073843
0.000000 -3.957170248 -7.222896576 10.133967400 -0.089067757 -0.149879679 0.281094372 0.943710268
0.000000 -3.852511406 -7.071597099 9.884676933 -0.089757919 -0.154109016 0.283947885 0.942108035
0.000000 -3.705455780 -6.854867458 9.514186859 -0.092744365 -0.161156073 0.293901533 0.937576234
0.000000 -3.521846294 -6.594509125 9.057811737 -0.094710663 -0.165023610 0.298846781 0.935140550
0.000000 -2.822031021 -5.608236790 7.416012764 -0.103566013 -0.178007424 0.318850160 0.925160527
0.000000 -2.633529663 -5.337710381 6.968369484 -0.106337473 -0.182500064 0.325244129 0.921738803
0.000000 -2.517802238 -5.168595791 6.683305740 -0.109679416 -0.187543631 0.332824439 0.917619646
0.000000 -2.440026045 -5.059756279 6.498632908 -0.111477941 -0.191253215 0.336434811 0.915317714
0.000000 -2.194347858 -4.751089573 5.977719784 -0.110637099 -0.191995636 0.334345251 0.916029692
0.000000 -2.287603140 -4.851611137 6.173966408 -0.112012006 -0.196511596 0.341326982 0.912322581
0.000000 -2.324675798 -4.907771587 6.259992123 -0.106656060 -0.191404238 0.332399487 0.917332828
0.000000 -2.427722931 -5.045374393 6.467717171 -0.102411009 -0.186373457 0.322693795 0.922304511
0.000000 -2.477997303 -5.125723839 6.590653896 -0.100941084 -0.184914112 0.319129497 0.923998952
0.000000 -2.399650335 -5.013020992 6.425307274 -0.102316141 -0.188269973 0.322495639 0.921999156
0.000000 -2.478083134 -5.129942417 6.602555275 -0.108268924 -0.198668897 0.335306019 0.914537251
0.000000 -2.374162197 -4.998636246 6.385405540 -0.110542439 -0.202313781 0.336615354 0.912983954
0.000000 -2.436592817 -5.084967136 6.481120110 -0.112816110 -0.204480261 0.338118553 0.911666691
0.000000 -2.488071918 -5.150211811 6.588556767 -0.114255711 -0.206194460 0.339551032 0.910568297
0.000000 -2.548849821 -5.178838730 6.549310684 -0.113270551 -0.205024317 0.337929130 0.911558449
0.000000 -2.787214041 -5.504905701 6.996746063 -0.111398190 -0.204519868 0.338071197 0.911849737
0.000000 -3.005034447 -5.786762238 7.391956329 -0.109150834 -0.203383148 0.337633431 0.912537694
0.000000 -3.017126083 -5.805709839 7.418494701 -0.109249175 -0.204084903 0.338798374 0.911937296
0.000000 -2.992449760 -5.784364700 7.379844189 -0.111157313 -0.205675676 0.339671284 0.911024153
0.000000 -2.968799114 -5.752265930 7.331207275 -0.112254106 -0.205504134 0.337304711 0.911807358
0.000000 -2.964302778 -5.740163803 7.315994263 -0.111580618 -0.204406455 0.336271346 0.912518203
0.000000 -3.068569183 -5.879209518 7.546974659 -0.107910618 -0.201012507 0.333285391 0.914806068
0.000000 -3.118587255 -5.901425362 7.602984428 -0.106525205 -0.200293660 0.335075885 0.914472044
0.000000 -3.224270582 -6.036620140 7.819630623 -0.103387296 -0.196402073 0.330310374 0.917405307
0.000000 -3.207702398 -6.031811714 7.814748764 -0.102595642 -0.195156038 0.328084022 0.918558180
0.000000 -3.022932529 -5.819629192 7.530683517 -0.104706235 -0.196416989 0.329489619 0.917547643
0.000000 -2.829941750 -5.615770817 7.180895329 -0.112539761 -0.201521769 0.341337651 0.911159933
0.000000 -2.780524731 -5.530814171 7.143244267 -0.116526239 -0.202945232 0.348772496 0.907520056
0.000000 -2.278401136 -4.846583843 6.097791195 -0.117205285 -0.201609239 0.350239038 0.907165527
0.000000 -2.256518126 -4.814095497 6.060848713 -0.115511060 -0.198758140 0.346057206 0.909613609
0.000000 -2.199243784 -4.761073112 6.045886993 -0.114213631 -0.197050542 0.343076915 0.911276400
0.000000 -2.084096432 -4.619341373 5.857852459 -0.111237131 -0.192778081 0.336824805 0.914883673
0.000000 -2.105201721 -4.707291603 6.072392464 -0.112715691 -0.194766358 0.339423180 0.913319945
0.000000 -2.107577801 -4.713360310 6.098493576 -0.113020733 -0.194862947 0.339550406 0.913214326
0.000000 -2.196788549 -4.826960564 6.319099426 -0.113094956 -0.195248574 0.340062261 0.912932217
0.000000 -2.235350132 -4.933153152 6.482625008 -0.113470249 -0.196144745 0.341663003 0.912095487
0.000000 -2.271577358 -4.999318600 6.556186199 -0.113638282 -0.196665794 0.342719793 0.911565781
0.000000 -2.435033560 -5.217779160 6.854534626 -0.116852954 -0.201604903 0.350874305 0.906966448
0.000000 -2.518336296 -5.372556686 7.055457115 -0.119023554 -0.205464169 0.357351780 0.903281569
0.000000 -2.532679081 -5.440926552 7.080200672 -0.119875722 -0.207038969 0.360816032 0.901430249
0.000000 -2.616491079 -5.565997124 7.272294044 -0.119760737 -0.207603276 0.362533122 0.900626481
0.000000 -2.655447483 -5.621267796 7.359618187 -0.119408637 -0.207649082 0.363546491 0.900254071
0.000000 -2.679806232 -5.663000584 7.417727470 -0.118214145 -0.206625924 0.363235384 0.900772572
0.000000 -2.642881393 -5.614681721 7.344434261 -0.118620351 -0.206760526 0.362973243 0.900793910
0.000000 -2.478402376 -5.405050278 7.002379894 -0.121109106 -0.208119556 0.362164110 0.900475442
0.000000 -2.445814133 -5.366662979 6.938896656 -0.123194732 -0.209622532 0.362496883 0.899709702
0.000000 -2.343533516 -5.215416431 6.708971024 -0.122134790 -0.208157569 0.360413373 0.901030421
0.000000 -2.324689865 -5.193572998 6.676533699 -0.121936031 -0.207893044 0.360337704 0.901148677
0.000000 -2.333397150 -5.216821194 6.733317375 -0.122007169 -0.208376750 0.361459404 0.900577843
0.000000 -2.380035400 -5.279471397 6.837030411 -0.120711468 -0.207344085 0.361364394 0.901028872
0.000000 -2.462565899 -5.409389496 7.036195278 -0.119461641 -0.205645904 0.359951198 0.902149618
0.000000 -2.531833410 -5.518109798 7.223994732 -0.119266085 -0.205946565 0.361486703 0.901492655
0.000000 -2.477991819 -5.523463249 7.226759434 -0.119488910 -0.206785873 0.362649053 0.900803924
0.000000 -2.505494595 -5.577317238 7.308926105 -0.118731692 -0.206546172 0.363486528 0.900621474
0.000000 -2.535208225 -5.600333214 7.309619427 -0.120446622 -0.207324445 0.364064932 0.899981081
0.000000 -2.653264761 -5.796876431 7.616892338 -0.121004529 -0.206606969 0.360860258 0.901360810
0.000000 -2.473612785 -5.544577122 7.301434040 -0.127653435 -0.212177157 0.373449355 0.893991649
0.000000 -2.374014378 -5.431926250 7.104162216 -0.131627813 -0.214760765 0.381045818 0.889581978
0.000000 -2.449667692 -5.547664642 7.385159492 -0.128606468 -0.212061718 0.377102703 0.892347336
0.000000 -2.474265099 -5.599878311 7.527705669 -0.126482978 -0.211359486 0.378009230 0.892433882
0.000000 -2.512363672 -5.654231548 7.620446682 -0.126130849 -0.211745173 0.380023867 0.891536236
0.000000 -2.554372787 -5.714813709 7.713754177 -0.125631511 -0.211412296 0.381959677 0.890858293
0.000000 -2.569831371 -5.735311031 7.744324684 -0.125666708 -0.210870236 0.383337647 0.890389740
0.000000 -2.526094437 -5.673074722 7.650613785 -0.127092645 -0.211200044 0.385584593 0.889138103
0.000000 -2.469672441 -5.591675758 7.519512653 -0.129013121 -0.212111428 0.385991663 0.888467669
0.000000 -2.520195007 -5.667511940 7.639602661 -0.135016218 -0.216906667 0.392304480 0.883639812
0.000000 -2.512720823 -5.661671638 7.635191917 -0.137360886 -0.216181099 0.391200989 0.883945405
0.000000 -2.178771019 -5.206341743 6.924602985 -0.140092209 -0.217120260 0.393349648 0.882331610
0.000000 -1.750776768 -4.566282272 5.944942474 -0.142181307 -0.219768420 0.398264736 0.879131138
0.000000 -1.662222862 -4.438471317 5.753180981 -0.142404139 -0.220330358 0.399328291 0.878471732
0.000000 -1.622965932 -4.387675762 5.705941200 -0.143318266 -0.221834466 0.401596606 0.876909077
0.000000 -1.629865766 -4.394276619 5.721831322 -0.143223107 -0.222112283 0.403520584 0.875970542
0.000000 -1.641906261 -4.407673359 5.747148514 -0.139622509 -0.216780469 0.397095174 0.880810618
0.000000 -1.622331381 -4.382838249 5.705465317 -0.137279436 -0.213009700 0.391908526 0.884414494
0.000000 -1.557724118 -4.300296307 5.578224659 -0.135268837 -0.209990606 0.387487948 0.887389064
0.000000 -1.538385510 -4.273087978 5.529984474 -0.133889511 -0.207787395 0.384437442 0.889441311
0.000000 -1.529810071 -4.260708809 5.509288788 -0.132867947 -0.206059545 0.381442577 0.891283989
0.000000 -1.515198946 -4.240240097 5.473358631 -0.133193344 -0.206459016 0.381470114 0.891131163
0.000000 -1.469822884 -4.177971840 5.365425587 -0.135980815 -0.210728705 0.386854053 0.887381852
0.000000 -1.452957034 -4.154016972 5.323476315 -0.138742700 -0.215168804 0.393141657 0.883115232
0.000000 -1.421552896 -4.111520767 5.248484612 -0.143714830 -0.221930221 0.401823223 0.876716137
0.000000 -1.400482774 -4.083261490 5.199177265 -0.145018563 -0.223410577 0.402668148 0.875737250
0.000000 -1.390944719 -4.070890903 5.176106453 -0.146481246 -0.225121498 0.404461473 0.874227941
0.000000 -1.370952368 -4.045818329 5.131634712 -0.147382721 -0.226173416 0.404712617 0.873688519
0.000000 -1.375712633 -4.052130699 5.142601967 -0.147790119 -0.226766661 0.405255079 0.873214364
0.000000 -1.379644156 -4.057960987 5.151319504 -0.147538662 -0.226827160 0.405421138 0.873164117
0.000000 -1.368861079 -4.011029243 5.087114334 -0.143743128 -0.223857209 0.402626216 0.875852704
0.000000 -1.401785731 -4.048343182 5.155172825 -0.140597999 -0.221099466 0.399479508 0.878500640
0.000000 -1.425103545 -4.078169823 5.204259396 -0.138808087 -0.219494641 0.397979200 0.879867673
0.000000 -1.427227497 -4.083544731 5.213753223 -0.137334034 -0.217466488 0.395684779 0.881635547
0.000000 -1.438606024 -4.099485397 5.242500305 -0.133572534 -0.211192533 0.385911107 0.888047695
0.000000 -1.438790560 -4.100296497 5.244456291 -0.132378817 -0.209205717 0.382714599 0.890077710
0.000000 -1.446443081 -4.110920429 5.262298107 -0.131867290 -0.208534256 0.381412357 0.890869856
0.000000 -1.445803285 -4.110455513 5.259597778 -0.132061958 -0.209284246 0.381694466 0.890544236
0.000000 -1.437464714 -4.100189209 5.241590977 -0.132504433 -0.210014299 0.381861597 0.890234947
0.000000 -1.438792944 -4.102562904 5.243836880 -0.133146003 -0.211476505 0.382346451 0.889584780
0.000000 -1.427377462 -4.086642265 5.213191032 -0.133911282 -0.213044867 0.384156704 0.888314843
0.000000 -1.410446048 -4.063552856 5.170059204 -0.135073707 -0.215836808 0.387128592 0.886172116
0.000000 -1.370560646 -4.008570671 5.072300911 -0.135047689 -0.216850996 0.387316704 0.885846257
0.000000 -1.356966734 -3.992304325 5.041465282 -0.135784090 -0.218426809 0.389064312 0.884579837
0.000000 -1.300244093 -3.913757324 4.904937744 -0.135278478 -0.219082236 0.388962448 0.884540021
0.000000 -1.297660589 -3.911713600 4.900012016 -0.135879621 -0.220858097 0.391056269 0.883081794
0.000000 -1.260778546 -3.862385750 4.812074661 -0.136241242 -0.222793818 0.392865300 0.881735861
0.000000 -1.269660592 -3.876811266 4.834862232 -0.136594296 -0.224229664 0.393936127 0.880839050
0.000000 -1.274073362 -3.882880449 4.843767643 -0.137026519 -0.225521460 0.395063370 0.879936814
0.000000 -1.262878656 -3.870002270 4.818958759 -0.137510821 -0.226776749 0.396278381 0.878991783
0.000000 -1.264296651 -3.873162985 4.823377132 -0.138089269 -0.228995472 0.397834122 0.877622068
0.000000 -1.299058437 -3.924573421 4.908850193 -0.138415694 -0.230966076 0.398734003 0.876645267
0.000000 -1.299895287 -3.926415205 4.913158417 -0.137998462 -0.231161192 0.397956252 0.877012968
0.000000 -1.283133745 -3.905284405 4.880307198 -0.137287691 -0.231540293 0.396664679 0.877609432
0.000000 -1.267269969 -3.888052225 4.850736141 -0.139485866 -0.235030115 0.400781572 0.874459088
0.000000 -1.203200340 -3.807265043 4.724345207 -0.139887825 -0.236531034 0.400873393 0.873947978
0.000000 -1.181967139 -3.779577971 4.681147099 -0.140340224 -0.237751558 0.401967287 0.873041332
0.000000 -1.174024224 -3.770460129 4.668613434 -0.140452266 -0.238857165 0.402852833 0.872313023
0.000000 -1.142179608 -3.726575375 4.607168674 -0.139960840 -0.240634650 0.403645992 0.871536493
0.000000 -1.110734463 -3.687056065 4.543647766 -0.141868711 -0.243934631 0.407853723 0.868345916
0.000000 -1.091846943 -3.663334608 4.514519215 -0.142697498 -0.247413322 0.410070449 0.866179168
0.000000 -1.028805971 -3.583412409 4.390213013 -0.145897612 -0.253472447 0.416851312 0.860639632
0.000000 -0.956881344 -3.490564823 4.252568722 -0.148941517 -0.260275275 0.424287528 0.854431629
0.000000 -0.925697446 -3.455073833 4.205778599 -0.150425479 -0.265410334 0.428079575 0.850692332
0.000000 -0.867864370 -3.381962299 4.099664211 -0.152344123 -0.271057189 0.432900935 0.846118212
0.000000 -0.867577195 -3.381678343 4.101900101 -0.152471721 -0.273275793 0.434350491 0.844637394
0.000000 -0.871969461 -3.388053894 4.110569477 -0.153064549 -0.275786698 0.436569244 0.842567682
0.000000 -0.883478701 -3.404067039 4.136387348 -0.152564317 -0.278620511 0.437787741 0.841092587
0.000000 -0.894233882 -3.418014526 4.163738251 -0.151184887 -0.279194862 0.436263978 0.841942430
0.000000 -0.907647252 -3.436000109 4.188133240 -0.154952303 -0.285781831 0.445487052 0.834182143
0.000000 -0.899288416 -3.427914619 4.174265862 -0.156426758 -0.290054947 0.450296551 0.829838514
0.000000 -0.904193640 -3.435999393 4.187988281 -0.158101439 -0.295057774 0.454308659 0.825559556
0.000000 -0.893508911 -3.422869444 4.169039249 -0.160021588 -0.298851490 0.457908511 0.821827650
0.000000 -0.870602965 -3.395345449 4.126836777 -0.162278786 -0.302227020 0.460872829 0.818486810
0.000000 -0.863967955 -3.386729240 4.115568161 -0.164540797 -0.305613518 0.463747621 0.815147161
0.000000 -0.814562440 -3.324934244 4.026111126 -0.166191101 -0.308750808 0.466682166 0.811949015
0.000000 -0.804862738 -3.314223528 4.008855343 -0.166554719 -0.309677750 0.467353761 0.811134815
0.000000 -0.775765538 -3.277585983 3.958694935 -0.166938335 -0.311313599 0.467401505 0.810401976
0.000000 -0.762969375 -3.261188030 3.935697079 -0.168087557 -0.313286394 0.467658281 0.809255242
0.000000 -0.768147886 -3.268536091 3.945734501 -0.168499455 -0.314686149 0.468932390 0.807887971
0.000000 -0.794642866 -3.302994967 3.994067669 -0.168268427 -0.315134555 0.470732808 0.806713462
0.000000 -0.890641868 -3.427576542 4.167078972 -0.165127188 -0.312459588 0.470536083 0.808515787
0.000000 -0.914651036 -3.458378077 4.210965633 -0.164396197 -0.311793268 0.471071988 0.808609962
0.000000 -0.937303901 -3.488835096 4.253729343 -0.163355634 -0.310749561 0.470105141 0.809784412
0.000000 -0.970884323 -3.533910275 4.317702293 -0.161542520 -0.308633327 0.467692643 0.812350333
0.000000 -0.983325064 -3.550406456 4.340308189 -0.160197720 -0.307128221 0.465236664 0.814594269
0.000000 -0.990465403 -3.561211824 4.355383873 -0.160761461 -0.308198899 0.466574907 0.813312411
0.000000 -0.999533057 -3.574774981 4.372986794 -0.162730649 -0.312495500 0.471804351 0.808248699
0.000000 -1.009393454 -3.587733030 4.389447689 -0.163570344 -0.314724624 0.474199533 0.805808902
0.000000 -1.014465928 -3.596266031 4.399012089 -0.166266993 -0.319586992 0.479717165 0.800056815
0.000000 -1.011305451 -3.594388008 4.394819736 -0.167289749 -0.322258741 0.481095523 0.797941506
0.000000 -1.025637269 -3.613834620 4.418712616 -0.168252796 -0.324356049 0.481690556 0.796528935
0.000000 -1.035820127 -3.626982450 4.437771320 -0.170037597 -0.328025132 0.485956818 0.792043388
0.000000 -1.059485793 -3.651105165 4.473999500 -0.171238855 -0.331883997 0.492243588 0.786273777
0.000000 -1.102639675 -3.706545353 4.547714233 -0.174825728 -0.338232636 0.502671003 0.776116312
0.000000 -1.131687164 -3.744975328 4.598593235 -0.176681906 -0.341563255 0.507909834 0.770808518
0.000000 -1.126459360 -3.740626097 4.591316223 -0.180178806 -0.347616941 0.516963005 0.761214375
0.000000 -1.135675430 -3.762783289 4.616548061 -0.182691962 -0.351889104 0.523061395 0.754456460
0.000000 -1.119433641 -3.743813038 4.592504978 -0.186331198 -0.357360452 0.529311121 0.746594906
0.000000 -1.111037254 -3.732634544 4.576784611 -0.187496588 -0.359544903 0.531170011 0.743929386
0.000000 -1.052614212 -3.657136917 4.478221416 -0.190394223 -0.364305109 0.536502779 0.737018704
0.000000 -1.031593084 -3.632882595 4.446627140 -0.193036094 -0.368767500 0.541293919 0.730580926
0.000000 -1.003049016 -3.595318317 4.398874283 -0.194129318 -0.372505695 0.543564439 0.726698816
0.000000 -0.946696520 -3.523152351 4.306186676 -0.200011119 -0.380467415 0.552577436 0.714071631
0.000000 -0.892524660 -3.453082561 4.218208313 -0.198966071 -0.381097168 0.549518645 0.716384470
0.000000 -0.867268801 -3.419103622 4.176532745 -0.198851019 -0.381903321 0.549008906 0.716377914
0.000000 -0.765964925 -3.286140919 4.009071350 -0.201615646 -0.386903256 0.553322852 0.709570885
0.000000 -0.748181820 -3.265156269 3.985679626 -0.203489766 -0.390385330 0.556510329 0.704618692
0.000000 -0.696158171 -3.187435627 3.905843735 -0.203267172 -0.394449770 0.558353961 0.700951278
0.000000 -0.623854816 -3.089849472 3.794688225 -0.203696698 -0.398700476 0.560762346 0.696484923
0.000000 -0.533441663 -2.973052263 3.654633284 -0.203456789 -0.400408208 0.561353564 0.695097685
0.000000 -0.504423380 -2.935392857 3.611003876 -0.206240267 -0.404718459 0.566493988 0.687570095
0.000000 -0.453122467 -2.862670422 3.531602859 -0.206228733 -0.408582807 0.568745136 0.683416963
0.000000 -0.368323296 -2.751933098 3.400726318 -0.207382277 -0.412014782 0.571724951 0.678503513
0.000000 -0.306198418 -2.665435076 3.303081274 -0.209768653 -0.416375339 0.576690197 0.670862973
0.000000 -0.272632569 -2.619499207 3.254496098 -0.211549416 -0.420174032 0.580498219 0.664622128
0.000000 -0.247973144 -2.588026285 3.218900442 -0.212216794 -0.422581732 0.582471848 0.661146939
0.000000 -0.178400427 -2.492530823 3.114754200 -0.207316682 -0.421435326 0.577198267 0.668022633
0.000000 -0.207000256 -2.503534555 3.148587465 -0.202146858 -0.422591597 0.574464321 0.671225548
0.000000 -0.190280050 -2.458417892 3.137877941 -0.207445070 -0.434417516 0.585923791 0.651875198
0.000000 -0.036347300 -2.223734856 2.904546738 -0.217893720 -0.449970007 0.603456616 0.621199965
0.000000 0.095076084 -2.024275541 2.696341515 -0.230204046 -0.466013670 0.622752130 0.584822297
0.000000 0.179428756 -1.880125523 2.553367615 -0.235298038 -0.477362484 0.633946776 0.561134040
0.000000 0.179428756 -1.880125523 2.553367615 -0.235298038 -0.477362484 0.633946776 0.561134040
0.000000 0.179428756 -1.880125523 2.553367615 -0.235298038 -0.477362484 0.633946776 0.561134040
0.000000 0.179428756 -1.880125523 2.553367615 -0.235298038 -0.477362484 0.633946776 0.561134040
0.000000 0.179428756 -1.880125523 2.553367615 -0.235298038 -0.477362484 0.633946776 0.561134040
0.000000 0.179428756 -1.880125523 2.553367615 -0.235298038 -0.477362484 0.633946776 0.561134040
0.000000 0.179428756 -1.880125523 2.553367615 -0.235298038 -0.477362484 0.633946776 0.561134040
0.000000 0.179428756 -1.880125523 2.553367615 -0.235298038 -0.477362484 0.633946776 0.561134040
0.000000 0.179428756 -1.880125523 2.553367615 -0.235298038 -0.477362484 0.633946776 0.561134040
0.000000 0.179428756 -1.880125523 2.553367615 -0.235298038 -0.477362484 0.633946776 0.561134040
0.000000 0.179428756 -1.880125523 2.553367615 -0.235298038 -0.477362484 0.633946776 0.561134040
