0.000000 -0.016478505 -0.019355677 0.021717805 0.011202018 -0.000716917 0.000669696 0.999936759
0.000000 -0.035605703 -0.036640488 0.040649492 0.013376216 0.004659588 -0.003560476 0.999893367
0.000000 -0.039752439 -0.040725838 0.049875394 0.011318459 0.003149770 -0.003162894 0.999926031
0.000000 -0.049409635 -0.047866449 0.059636466 0.003347909 0.002075752 -0.002279457 0.999989688
0.000000 -0.067221463 -0.056213066 0.075307146 -0.003193128 0.005949441 -0.001906548 0.999975383
0.000000 -0.065375514 -0.057296272 0.075018018 -0.011521142 0.007356333 -0.005010470 0.999894023
0.000000 -0.076596871 -0.062887713 0.084200293 -0.021530883 0.017111687 -0.013823137 0.999526203
0.000000 -0.081983343 -0.067815833 0.089364082 -0.022232415 0.017703226 -0.013683104 0.999502420
0.000000 -0.089458287 -0.073321924 0.094475515 -0.019992940 0.018976377 -0.014336288 0.999517262
0.000000 -0.102732606 -0.085562490 0.103226945 -0.013351141 0.018029952 -0.013096426 0.999662519
0.000000 -0.113106139 -0.091973454 0.108580381 -0.010078573 0.017267553 -0.008948545 0.999760151
0.000000 -0.128262520 -0.104971722 0.118068807 -0.003964337 0.029734105 0.015311118 0.999432743
0.000000 -0.141237631 -0.116721146 0.127320647 0.000286633 0.049692590 0.051787473 0.997420967
0.000000 -0.142737389 -0.122794241 0.126940101 -0.000155183 0.057927847 0.060859770 0.996463954
0.000000 -0.153710440 -0.130170256 0.132664904 -0.002128402 0.067014553 0.058158856 0.996053278
0.000000 -0.158486813 -0.134220704 0.133834362 -0.003400772 0.070530050 0.054831289 0.995995760
0.000000 -0.170782119 -0.140192032 0.137859583 -0.002936412 0.075750895 0.051649839 0.995783865
0.000000 -0.181498066 -0.143969864 0.140987843 0.001238350 0.079490729 0.049104340 0.995624661
0.000000 -0.187629834 -0.145684615 0.142083660 0.004229146 0.083364837 0.045624699 0.995465100
0.000000 -0.194794506 -0.146546438 0.141957939 0.007668647 0.085311301 0.043744128 0.995364070
0.000000 -0.211464882 -0.146237791 0.141701296 0.011218794 0.082765788 0.045578510 0.995463073
0.000000 -0.222799569 -0.144708022 0.140433148 0.009118321 0.078213140 0.050551467 0.995612442
0.000000 -0.243052945 -0.133810848 0.136554092 -0.007502938 0.070624039 0.059375986 0.995706081
0.000000 -0.253830791 -0.128304347 0.132823274 -0.018269017 0.068585828 0.061994448 0.995549560
0.000000 -0.270737678 -0.117983013 0.125737935 -0.037750561 0.066458948 0.065806672 0.994900823
0.000000 -0.285417825 -0.110612676 0.120229080 -0.049823023 0.067638785 0.065276332 0.994324803
0.000000 -0.290230691 -0.109051593 0.119565599 -0.049798805 0.067165516 0.066377118 0.994285166
0.000000 -0.297239512 -0.108930856 0.120373212 -0.046369083 0.068740010 0.066080503 0.994363189
0.000000 -0.304124504 -0.108328603 0.121153414 -0.042530123 0.071388751 0.064046137 0.994481266
0.000000 -0.311422676 -0.108924158 0.125107348 -0.041012365 0.071953557 0.063533977 0.994537115
0.000000 -0.316882789 -0.109290540 0.127895683 -0.042360395 0.070968240 0.065683790 0.994411767
0.000000 -0.325827777 -0.108923420 0.135461092 -0.046448354 0.068653308 0.070359975 0.994071782
0.000000 -0.327895820 -0.109750800 0.141089350 -0.047464687 0.068437435 0.070698127 0.994014680
0.000000 -0.328813910 -0.112495780 0.146185607 -0.044300385 0.069005437 0.069875404 0.994179666
0.000000 -0.329457223 -0.120473377 0.160659015 -0.020626094 0.076407216 0.061126117 0.994987488
0.000000 -0.327942222 -0.134539351 0.174816012 0.019019505 0.075195782 0.059919678 0.995185196
0.000000 -0.340060711 -0.117485225 0.183663383 0.038704298 0.080761865 0.051038887 0.994673073
0.000000 -0.328612000 -0.130197510 0.187281325 0.011152043 0.084317625 0.049519908 0.995145202
0.000000 -0.328016669 -0.120209366 0.190805972 -0.006201101 0.095905460 0.037629116 0.994659662
0.000000 -0.332347393 -0.113731764 0.194334686 -0.007313526 0.096273810 0.036275946 0.994666755
0.000000 -0.336828768 -0.109835260 0.196521923 -0.007174086 0.096746258 0.036557268 0.994611681
0.000000 -0.348733813 -0.102763824 0.198704123 -0.006354397 0.093875140 0.040848423 0.994725347
0.000000 -0.365298897 -0.095309801 0.201030910 -0.007086007 0.087067001 0.050022520 0.994920611
0.000000 -0.373065531 -0.091503009 0.201563150 -0.006466808 0.085312806 0.052170414 0.994966447
0.000000 -0.382117450 -0.088868156 0.200407356 -0.005119331 0.085782632 0.051430754 0.994972408
0.000000 -0.390248835 -0.085203119 0.199239641 -0.005097283 0.085733145 0.051139101 0.994991779
0.000000 -0.409419596 -0.074601308 0.196777433 -0.013134868 0.087078169 0.050637115 0.994827032
0.000000 -0.417215377 -0.069992535 0.194916248 -0.017453698 0.085177481 0.052284099 0.994839966
0.000000 -0.426267743 -0.065245874 0.193172112 -0.021165388 0.083720334 0.053901635 0.994805276
0.000000 -0.445182562 -0.057364605 0.189456493 -0.028529175 0.080890685 0.057595462 0.994648516
0.000000 -0.454703271 -0.054202117 0.188029796 -0.029907743 0.079811089 0.058949012 0.994615912
0.000000 -0.473881006 -0.050993405 0.185366660 -0.030907052 0.077392973 0.062563732 0.994555652
0.000000 -0.489950210 -0.050234728 0.183155224 -0.035510082 0.074476689 0.065471850 0.994437397
0.000000 -0.498018622 -0.051330745 0.182435125 -0.036329959 0.074501961 0.066050887 0.994367599
0.000000 -0.510295331 -0.054128550 0.183206752 -0.037134770 0.075987749 0.065162614 0.994284034
0.000000 -0.516319931 -0.056577999 0.184680492 -0.035098426 0.077696204 0.064005688 0.994301081
0.000000 -0.527160108 -0.064664371 0.187505901 -0.030152271 0.078709364 0.064322770 0.994363248
0.000000 -0.531468689 -0.068892419 0.189787492 -0.027486930 0.078102745 0.064863183 0.994453251
0.000000 -0.536352038 -0.072556093 0.193812743 -0.024816245 0.078806177 0.065109082 0.994451940
0.000000 -0.545357168 -0.080816321 0.201549634 -0.017940620 0.077807017 0.066467285 0.994588554
0.000000 -0.547188759 -0.085404925 0.204778939 -0.012052942 0.075564519 0.067553379 0.994777024
0.000000 -0.551224887 -0.089003541 0.209062681 -0.004738502 0.076084226 0.067519598 0.994801462
0.000000 -0.553709507 -0.094943821 0.216793433 0.005250792 0.076719441 0.066224918 0.994837105
0.000000 -0.554683685 -0.096876420 0.218622819 0.005495744 0.078208499 0.066261806 0.994717419
0.000000 -0.554786146 -0.096864015 0.221300632 0.000777846 0.083828360 0.070137203 0.994008541
0.000000 -0.555111229 -0.096215293 0.222917199 -0.002495531 0.087954693 0.072457381 0.993482590
0.000000 -0.555583715 -0.094995715 0.223739505 -0.005378952 0.091869771 0.075157166 0.992916107
0.000000 -0.553051472 -0.091664493 0.224136457 -0.009345556 0.097131789 0.081047580 0.991922081
0.000000 -0.549169064 -0.087273061 0.224195883 -0.014373940 0.108592741 0.087564267 0.990118027
0.000000 -0.544921577 -0.083851054 0.223296985 -0.016866378 0.120341480 0.097919993 0.987747550
0.000000 -0.541635871 -0.079650909 0.224030212 -0.019612569 0.128216133 0.113610499 0.985022128
0.000000 -0.540647686 -0.077467903 0.225390404 -0.020987032 0.132973254 0.120393388 0.983556390
0.000000 -0.536964059 -0.074635766 0.227156594 -0.021394437 0.146357059 0.129616290 0.980470061
0.000000 -0.531705201 -0.074633241 0.229205802 -0.016211959 0.164241418 0.144357920 0.975665331
0.000000 -0.527192652 -0.074554861 0.231249884 -0.007684571 0.177228495 0.151822522 0.972358525
0.000000 -0.523065150 -0.075833991 0.232553869 0.003109394 0.189437613 0.161251038 0.968556583
0.000000 -0.517199814 -0.075492986 0.228800774 0.011028690 0.211334765 0.183616400 0.959948480
0.000000 -0.520316362 -0.058423150 0.228937060 0.007036743 0.231461629 0.209775224 0.949931860
0.000000 -0.519251406 -0.065248817 0.217257872 -0.024651516 0.244357124 0.234483764 0.940584600
0.000000 -0.520134926 -0.066670120 0.212395728 -0.035479210 0.262140065 0.258210629 0.929166913
0.000000 -0.521231055 -0.066269867 0.210550919 -0.035233069 0.274173021 0.265530229 0.923624098
0.000000 -0.515841722 -0.064743273 0.207045048 -0.024808401 0.296408385 0.284322053 0.911420703
0.000000 -0.519458652 -0.067712598 0.210837826 -0.015622367 0.314573497 0.293040007 0.902733088
0.000000 -0.513804018 -0.068854101 0.205208480 -0.008088851 0.324348629 0.304549992 0.895534396
0.000000 -0.508308709 -0.066599205 0.206928551 -0.000229125 0.335993975 0.316170335 0.887211561
0.000000 -0.505126059 -0.064870343 0.201519385 0.007440789 0.359022796 0.341020375 0.868764937
0.000000 -0.508131862 -0.066860028 0.203953713 0.005580358 0.375253975 0.353922248 0.856675208
0.000000 -0.492447019 -0.052256778 0.195938304 0.000948643 0.384708285 0.365017772 0.847797573
0.000000 -0.493076384 -0.055322528 0.190351382 -0.006971881 0.399743944 0.384906560 0.831867278
0.000000 -0.489854455 -0.050720036 0.183556452 -0.006027881 0.423091322 0.404392034 0.810817242
0.000000 -0.494759202 -0.056613639 0.186660886 -0.004134467 0.458868712 0.425754786 0.779843092
0.000000 -0.496517628 -0.058556423 0.188110337 -0.000677755 0.484319597 0.449530065 0.750571012
0.000000 -0.498933226 -0.063133731 0.193714663 -0.000913248 0.502591610 0.453825146 0.735828578
0.000000 -0.507707477 -0.070559263 0.191041842 -0.001587897 0.515638828 0.468162566 0.717591763
0.000000 -0.503674984 -0.069106907 0.189903945 -0.000437203 0.530278504 0.496766835 0.687042415
0.000000 -0.502157092 -0.065806746 0.191477120 0.002890396 0.540280581 0.502613425 0.674883902
0.000000 -0.509401560 -0.068275809 0.188672155 0.009489383 0.558460236 0.513814032 0.651173770
0.000000 -0.510142624 -0.068707287 0.188011229 0.016429834 0.565507591 0.528098404 0.633279920
0.000000 -0.512533367 -0.069173604 0.186664999 0.029894410 0.576976657 0.549053729 0.603940606
0.000000 -0.511071861 -0.069169581 0.186968714 0.035034388 0.595675707 0.567519426 0.567331195
0.000000 -0.510563612 -0.069173068 0.187222749 0.035889741 0.606119096 0.575278997 0.548074484
0.000000 -0.511487126 -0.070279032 0.188120574 0.037489276 0.627879620 0.590459764 0.505686641
0.000000 -0.510455966 -0.070237935 0.188142151 0.031209696 0.641974509 0.606706262 0.467762977
0.000000 -0.510920286 -0.070429534 0.188072443 0.029695297 0.648556173 0.613831580 0.449114591
0.000000 -0.511710703 -0.071062952 0.188202649 0.030348672 0.668182552 0.621047199 0.408547968
0.000000 -0.511986017 -0.071296841 0.188229769 0.030406771 0.684580445 0.629523575 0.366231084
0.000000 -0.510739505 -0.070649564 0.187322646 0.024084559 0.683742523 0.641543686 0.346897393
0.000000 -0.510979056 -0.071351916 0.187750131 0.029067641 0.689621270 0.659204364 0.298374355
0.000000 -0.511493921 -0.071493536 0.187680483 0.024001293 0.695126653 0.670342684 0.258579940
0.000000 -0.512288511 -0.071983814 0.187615722 0.026166923 0.698322237 0.681151867 0.218388751
0.000000 -0.513281643 -0.072479904 0.188016593 0.044093031 0.695964038 0.695274353 0.174021512
0.000000 -0.513282418 -0.073101044 0.188208729 0.053995393 0.695148706 0.705718219 0.125755981
0.000000 -0.513711691 -0.073571920 0.188069910 0.051707342 0.696656942 0.707957327 0.103884652
0.000000 -0.512759209 -0.077166706 0.188213453 0.031132281 0.706872106 0.704872906 0.050167840
0.000000 -0.514213681 -0.077046320 0.188981697 0.037116166 0.710687935 0.702279508 0.018668741
0.000000 -0.514633119 -0.076815367 0.187599212 -0.026803441 -0.710409760 -0.703119040 0.014939137
0.000000 -0.514628530 -0.076993719 0.187705994 -0.023390343 -0.710906923 -0.701700628 0.040994626
0.000000 -0.514046431 -0.077128991 0.187765792 -0.015162109 -0.710538447 -0.696881473 0.096236482
0.000000 -0.514869809 -0.077344246 0.187582970 -0.026831690 -0.703016937 -0.696616650 0.140614763
0.000000 -0.514713943 -0.077641889 0.187818259 -0.030019036 -0.694448113 -0.693403840 0.189820543
0.000000 -0.514459670 -0.077281915 0.187689900 -0.023519713 -0.683243096 -0.689663529 0.238725796
0.000000 -0.515331149 -0.077967212 0.187507644 -0.028817844 -0.672442436 -0.682988048 0.283757120
0.000000 -0.515331149 -0.077967212 0.187507644 -0.028817844 -0.672442436 -0.682988048 0.283757120
0.000000 -0.515331149 -0.077967212 0.187507644 -0.028817844 -0.672442436 -0.682988048 0.283757120
0.000000 -0.515331149 -0.077967212 0.187507644 -0.028817844 -0.672442436 -0.682988048 0.283757120
0.000000 -0.515331149 -0.077967212 0.187507644 -0.028817844 -0.672442436 -0.682988048 0.283757120
0.000000 -0.515331149 -0.077967212 0.187507644 -0.028817844 -0.672442436 -0.682988048 0.283757120
0.000000 -0.515331149 -0.077967212 0.187507644 -0.028817844 -0.672442436 -0.682988048 0.283757120
0.000000 -0.515331149 -0.077967212 0.187507644 -0.028817844 -0.672442436 -0.682988048 0.283757120
0.000000 -0.515331149 -0.077967212 0.187507644 -0.028817844 -0.672442436 -0.682988048 0.283757120
0.000000 -0.515331149 -0.077967212 0.187507644 -0.028817844 -0.672442436 -0.682988048 0.283757120
0.000000 -0.515331149 -0.077967212 0.187507644 -0.028817844 -0.672442436 -0.682988048 0.283757120
0.000000 -0.515331149 -0.077967212 0.187507644 -0.028817844 -0.672442436 -0.682988048 0.283757120
0.000000 -0.515331149 -0.077967212 0.187507644 -0.028817844 -0.672442436 -0.682988048 0.283757120
0.000000 -0.515331149 -0.077967212 0.187507644 -0.028817844 -0.672442436 -0.682988048 0.283757120
0.000000 -0.515331149 -0.077967212 0.187507644 -0.028817844 -0.672442436 -0.682988048 0.283757120
0.000000 -0.515331149 -0.077967212 0.187507644 -0.028817844 -0.672442436 -0.682988048 0.283757120
0.000000 -0.515331149 -0.077967212 0.187507644 -0.028817844 -0.672442436 -0.682988048 0.283757120
0.000000 -0.515331149 -0.077967212 0.187507644 -0.028817844 -0.672442436 -0.682988048 0.283757120
0.000000 -0.515331149 -0.077967212 0.187507644 -0.028817844 -0.672442436 -0.682988048 0.283757120
0.000000 -0.515331149 -0.077967212 0.187507644 -0.028817844 -0.672442436 -0.682988048 0.283757120
0.000000 -0.515331149 -0.077967212 0.187507644 -0.028817844 -0.672442436 -0.682988048 0.283757120
0.000000 -0.515331149 -0.077967212 0.187507644 -0.028817844 -0.672442436 -0.682988048 0.283757120
0.000000 -0.515331149 -0.077967212 0.187507644 -0.028817844 -0.672442436 -0.682988048 0.283757120
0.000000 -0.515331149 -0.077967212 0.187507644 -0.028817844 -0.672442436 -0.682988048 0.283757120
0.000000 -0.515331149 -0.077967212 0.187507644 -0.028817844 -0.672442436 -0.682988048 0.283757120
0.000000 -0.515331149 -0.077967212 0.187507644 -0.028817844 -0.672442436 -0.682988048 0.283757120
0.000000 -0.515331149 -0.077967212 0.187507644 -0.028817844 -0.672442436 -0.682988048 0.283757120
0.000000 -0.515331149 -0.077967212 0.187507644 -0.028817844 -0.672442436 -0.682988048 0.283757120
0.000000 -0.515331149 -0.077967212 0.187507644 -0.028817844 -0.672442436 -0.682988048 0.283757120
0.000000 -0.515331149 -0.077967212 0.187507644 -0.028817844 -0.672442436 -0.682988048 0.283757120
0.000000 -0.515331149 -0.077967212 0.187507644 -0.028817844 -0.672442436 -0.682988048 0.283757120
0.000000 -0.515331149 -0.077967212 0.187507644 -0.028817844 -0.672442436 -0.682988048 0.283757120
0.000000 -0.515331149 -0.077967212 0.187507644 -0.028817844 -0.672442436 -0.682988048 0.283757120
0.000000 -0.515331149 -0.077967212 0.187507644 -0.028817844 -0.672442436 -0.682988048 0.283757120
0.000000 -0.515331149 -0.077967212 0.187507644 -0.028817844 -0.672442436 -0.682988048 0.283757120
0.000000 -0.515331149 -0.077967212 0.187507644 -0.028817844 -0.672442436 -0.682988048 0.283757120
0.000000 -0.515331149 -0.077967212 0.187507644 -0.028817844 -0.672442436 -0.682988048 0.283757120
0.000000 -0.515331149 -0.077967212 0.187507644 -0.028817844 -0.672442436 -0.682988048 0.283757120
0.000000 -0.515331149 -0.077967212 0.187507644 -0.028817844 -0.672442436 -0.682988048 0.283757120
0.000000 -0.515331149 -0.077967212 0.187507644 -0.028817844 -0.672442436 -0.682988048 0.283757120
0.000000 -0.515331149 -0.077967212 0.187507644 -0.028817844 -0.672442436 -0.682988048 0.283757120
0.000000 -0.515331149 -0.077967212 0.187507644 -0.028817844 -0.672442436 -0.682988048 0.283757120
0.000000 -0.515331149 -0.077967212 0.187507644 -0.028817844 -0.672442436 -0.682988048 0.283757120
0.000000 -0.515331149 -0.077967212 0.187507644 -0.028817844 -0.672442436 -0.682988048 0.283757120
0.000000 -0.515331149 -0.077967212 0.187507644 -0.028817844 -0.672442436 -0.682988048 0.283757120
0.000000 -0.515331149 -0.077967212 0.187507644 -0.028817844 -0.672442436 -0.682988048 0.283757120
0.000000 -0.515331149 -0.077967212 0.187507644 -0.028817844 -0.672442436 -0.682988048 0.283757120
0.000000 -0.515331149 -0.077967212 0.187507644 -0.028817844 -0.672442436 -0.682988048 0.283757120
0.000000 -0.515331149 -0.077967212 0.187507644 -0.028817844 -0.672442436 -0.682988048 0.283757120
0.000000 -0.515331149 -0.077967212 0.187507644 -0.028817844 -0.672442436 -0.682988048 0.283757120
0.000000 -0.515331149 -0.077967212 0.187507644 -0.028817844 -0.672442436 -0.682988048 0.283757120
0.000000 -0.515331149 -0.077967212 0.187507644 -0.028817844 -0.672442436 -0.682988048 0.283757120
0.000000 -0.515331149 -0.077967212 0.187507644 -0.028817844 -0.672442436 -0.682988048 0.283757120
0.000000 -0.515331149 -0.077967212 0.187507644 -0.028817844 -0.672442436 -0.682988048 0.283757120
0.000000 -0.515331149 -0.077967212 0.187507644 -0.028817844 -0.672442436 -0.682988048 0.283757120
0.000000 -0.515331149 -0.077967212 0.187507644 -0.028817844 -0.672442436 -0.682988048 0.283757120
0.000000 -0.515331149 -0.077967212 0.187507644 -0.028817844 -0.672442436 -0.682988048 0.283757120
0.000000 -0.515331149 -0.077967212 0.187507644 -0.028817844 -0.672442436 -0.682988048 0.283757120
0.000000 -0.515331149 -0.077967212 0.187507644 -0.028817844 -0.672442436 -0.682988048 0.283757120
0.000000 -0.515331149 -0.077967212 0.187507644 -0.028817844 -0.672442436 -0.682988048 0.283757120
0.000000 -0.515331149 -0.077967212 0.187507644 -0.028817844 -0.672442436 -0.682988048 0.283757120
0.000000 -0.515331149 -0.077967212 0.187507644 -0.028817844 -0.672442436 -0.682988048 0.283757120
0.000000 -0.515331149 -0.077967212 0.187507644 -0.028817844 -0.672442436 -0.682988048 0.283757120
0.000000 -0.515331149 -0.077967212 0.187507644 -0.028817844 -0.672442436 -0.682988048 0.283757120
0.000000 -0.515331149 -0.077967212 0.187507644 -0.028817844 -0.672442436 -0.682988048 0.283757120
0.000000 -0.515331149 -0.077967212 0.187507644 -0.028817844 -0.672442436 -0.682988048 0.283757120
0.000000 -0.515331149 -0.077967212 0.187507644 -0.028817844 -0.672442436 -0.682988048 0.283757120
0.000000 -0.515331149 -0.077967212 0.187507644 -0.028817844 -0.672442436 -0.682988048 0.283757120
0.000000 -0.515331149 -0.077967212 0.187507644 -0.028817844 -0.672442436 -0.682988048 0.283757120
0.000000 -0.515331149 -0.077967212 0.187507644 -0.028817844 -0.672442436 -0.682988048 0.283757120
0.000000 -0.515331149 -0.077967212 0.187507644 -0.028817844 -0.672442436 -0.682988048 0.283757120
0.000000 -0.515331149 -0.077967212 0.187507644 -0.028817844 -0.672442436 -0.682988048 0.283757120
0.000000 -0.515331149 -0.077967212 0.187507644 -0.028817844 -0.672442436 -0.682988048 0.283757120
0.000000 -0.515331149 -0.077967212 0.187507644 -0.028817844 -0.672442436 -0.682988048 0.283757120
0.000000 -0.515331149 -0.077967212 0.187507644 -0.028817844 -0.672442436 -0.682988048 0.283757120
0.000000 -0.515331149 -0.077967212 0.187507644 -0.028817844 -0.672442436 -0.682988048 0.283757120
0.000000 -0.515331149 -0.077967212 0.187507644 -0.028817844 -0.672442436 -0.682988048 0.283757120
0.000000 -0.515331149 -0.077967212 0.187507644 -0.028817844 -0.672442436 -0.682988048 0.283757120
0.000000 -0.515331149 -0.077967212 0.187507644 -0.028817844 -0.672442436 -0.682988048 0.283757120
0.000000 -0.515331149 -0.077967212 0.187507644 -0.028817844 -0.672442436 -0.682988048 0.283757120
0.000000 -0.515331149 -0.077967212 0.187507644 -0.028817844 -0.672442436 -0.682988048 0.283757120
0.000000 -0.515331149 -0.077967212 0.187507644 -0.028817844 -0.672442436 -0.682988048 0.283757120
0.000000 -0.515331149 -0.077967212 0.187507644 -0.028817844 -0.672442436 -0.682988048 0.283757120
0.000000 -0.515331149 -0.077967212 0.187507644 -0.028817844 -0.672442436 -0.682988048 0.283757120
0.000000 -0.515331149 -0.077967212 0.187507644 -0.028817844 -0.672442436 -0.682988048 0.283757120
0.000000 -0.515331149 -0.077967212 0.187507644 -0.028817844 -0.672442436 -0.682988048 0.283757120
0.000000 -0.515331149 -0.077967212 0.187507644 -0.028817844 -0.672442436 -0.682988048 0.283757120
0.000000 -0.515331149 -0.077967212 0.187507644 -0.028817844 -0.672442436 -0.682988048 0.283757120
0.000000 -0.515331149 -0.077967212 0.187507644 -0.028817844 -0.672442436 -0.682988048 0.283757120
0.000000 -0.515331149 -0.077967212 0.187507644 -0.028817844 -0.672442436 -0.682988048 0.283757120
0.000000 -0.515331149 -0.077967212 0.187507644 -0.028817844 -0.672442436 -0.682988048 0.283757120
0.000000 -0.515331149 -0.077967212 0.187507644 -0.028817844 -0.672442436 -0.682988048 0.283757120
0.000000 -0.515331149 -0.077967212 0.187507644 -0.028817844 -0.672442436 -0.682988048 0.283757120
0.000000 -0.515331149 -0.077967212 0.187507644 -0.028817844 -0.672442436 -0.682988048 0.283757120
0.000000 -0.515331149 -0.077967212 0.187507644 -0.028817844 -0.672442436 -0.682988048 0.283757120
0.000000 -0.515331149 -0.077967212 0.187507644 -0.028817844 -0.672442436 -0.682988048 0.283757120
0.000000 -0.515331149 -0.077967212 0.187507644 -0.028817844 -0.672442436 -0.682988048 0.283757120
0.000000 -0.515331149 -0.077967212 0.187507644 -0.028817844 -0.672442436 -0.682988048 0.283757120
0.000000 -0.515331149 -0.077967212 0.187507644 -0.028817844 -0.672442436 -0.682988048 0.283757120
0.000000 -0.515331149 -0.077967212 0.187507644 -0.028817844 -0.672442436 -0.682988048 0.283757120
0.000000 -0.515331149 -0.077967212 0.187507644 -0.028817844 -0.672442436 -0.682988048 0.283757120
0.000000 -0.515331149 -0.077967212 0.187507644 -0.028817844 -0.672442436 -0.682988048 0.283757120
0.000000 -0.515331149 -0.077967212 0.187507644 -0.028817844 -0.672442436 -0.682988048 0.283757120
0.000000 -0.515331149 -0.077967212 0.187507644 -0.028817844 -0.672442436 -0.682988048 0.283757120
0.000000 -0.515331149 -0.077967212 0.187507644 -0.028817844 -0.672442436 -0.682988048 0.283757120
0.000000 -0.515331149 -0.077967212 0.187507644 -0.028817844 -0.672442436 -0.682988048 0.283757120
0.000000 -0.515331149 -0.077967212 0.187507644 -0.028817844 -0.672442436 -0.682988048 0.283757120
0.000000 -0.515331149 -0.077967212 0.187507644 -0.028817844 -0.672442436 -0.682988048 0.283757120
0.000000 -0.515331149 -0.077967212 0.187507644 -0.028817844 -0.672442436 -0.682988048 0.283757120
0.000000 -0.515331149 -0.077967212 0.187507644 -0.028817844 -0.672442436 -0.682988048 0.283757120
0.000000 -0.515331149 -0.077967212 0.187507644 -0.028817844 -0.672442436 -0.682988048 0.283757120
0.000000 -0.515331149 -0.077967212 0.187507644 -0.028817844 -0.672442436 -0.682988048 0.283757120
0.000000 -0.515331149 -0.077967212 0.187507644 -0.028817844 -0.672442436 -0.682988048 0.283757120
0.000000 -0.515331149 -0.077967212 0.187507644 -0.028817844 -0.672442436 -0.682988048 0.283757120
0.000000 -0.515331149 -0.077967212 0.187507644 -0.028817844 -0.672442436 -0.682988048 0.283757120
