0.000000 -0.017876880 -0.015298751 0.029642720 -0.015130724 0.007280983 -0.002401398 0.999856174
0.000000 -0.021726612 -0.017786095 0.033957329 -0.017681412 0.008698214 -0.004309691 0.999796569
0.000000 -0.029531306 -0.020535920 0.044194911 -0.016648002 0.012563584 -0.009849747 0.999733984
0.000000 -0.042183295 -0.028212853 0.053504784 -0.017058823 0.013947250 -0.009588486 0.999711215
0.000000 -0.056184165 -0.033255152 0.063658468 -0.016009536 0.013263454 -0.008061177 0.999751389
0.000000 -0.072005056 -0.038818352 0.071651481 -0.015617198 0.011690923 -0.004947194 0.999797463
0.000000 -0.089593969 -0.045583658 0.076177754 -0.016784120 0.010765261 -0.003125356 0.999796331
0.000000 -0.098807901 -0.049277011 0.078370079 -0.018100267 0.010472545 -0.002380031 0.999778509
0.000000 -0.108010508 -0.054453582 0.078915834 -0.019589815 0.010046785 -0.001289462 0.999756873
0.000000 -0.123841703 -0.065843932 0.078736641 -0.019622389 0.009771755 -0.000142644 0.999759734
0.000000 -0.130800366 -0.073041230 0.079136230 -0.019015644 0.009924883 -0.000254606 0.999769866
0.000000 -0.142376259 -0.080852054 0.077614032 -0.018562462 0.011642424 0.000452594 0.999759853
0.000000 -0.151527271 -0.087585770 0.076644488 -0.018384458 0.009389511 0.003426336 0.999781072
0.000000 -0.165484816 -0.093641378 0.080707498 -0.018721104 0.010111514 0.003080429 0.999768913
0.000000 -0.172202572 -0.096571848 0.081690542 -0.019157536 0.011755603 0.001934496 0.999745488
0.000000 -0.179070070 -0.098378651 0.082182132 -0.019041080 0.014286184 -0.000136323 0.999716699
0.000000 -0.191739783 -0.099562630 0.086351283 -0.018503837 0.018521491 -0.004184767 0.999648511
0.000000 -0.204112545 -0.101101272 0.089620471 -0.019764815 0.021228813 -0.006214041 0.999559939
0.000000 -0.217462480 -0.100840181 0.093708895 -0.019313069 0.025317077 -0.010041794 0.999442518
0.000000 -0.233407468 -0.105346359 0.092967898 -0.017441699 0.027341187 -0.011253814 0.999410629
0.000000 -0.240324706 -0.105795503 0.095635667 -0.016070215 0.026946966 -0.011520607 0.999441326
0.000000 -0.262679070 -0.107265688 0.094689541 -0.016172729 0.027623933 -0.011322495 0.999423444
0.000000 -0.271565646 -0.106900223 0.094735421 -0.017558211 0.028092368 -0.011649385 0.999383271
0.000000 -0.293351918 -0.106766537 0.093546949 -0.021135923 0.032009847 -0.014106045 0.999164522
0.000000 -0.302786082 -0.107259028 0.093312420 -0.022088971 0.033130150 -0.015265801 0.999090374
0.000000 -0.328439713 -0.107328169 0.093653753 -0.020392213 0.036130376 -0.016731754 0.998998940
0.000000 -0.354204059 -0.106636606 0.094894394 -0.018263208 0.040697549 -0.020070843 0.998803020
0.000000 -0.386421174 -0.105736315 0.095120236 -0.017138250 0.041756827 -0.018208418 0.998814881
0.000000 -0.402695566 -0.104090601 0.095742464 -0.016651789 0.041719649 -0.017451659 0.998838127
0.000000 -0.437963784 -0.101632088 0.097052127 -0.015598817 0.041772664 -0.015363837 0.998887241
0.000000 -0.455551624 -0.100649536 0.096775249 -0.015730536 0.041116092 -0.013854200 0.998934507
0.000000 -0.473588735 -0.097985007 0.098561496 -0.014515053 0.041647535 -0.013690154 0.998933136
0.000000 -0.507760525 -0.094502777 0.098049045 -0.015755618 0.050885852 -0.002456886 0.998577237
0.000000 -0.524796724 -0.089259297 0.100858361 -0.015219963 0.060942050 0.006942917 0.998001158
0.000000 -0.540000975 -0.087524146 0.102285385 -0.016683767 0.065480284 0.012541377 0.997635603
0.000000 -0.579805851 -0.072625883 0.108386651 -0.024677111 0.069217876 0.013495000 0.997205019
0.000000 -0.619237423 -0.061973207 0.114444993 -0.033523321 0.067263938 0.018122438 0.997007251
0.000000 -0.658520818 -0.057133276 0.122438483 -0.035836644 0.064961009 0.023834784 0.996959269
0.000000 -0.693524122 -0.056136210 0.133977935 -0.033085722 0.064721458 0.026458807 0.997003734
0.000000 -0.709687054 -0.056000303 0.141075596 -0.031174043 0.065323576 0.026646901 0.997021079
0.000000 -0.742504120 -0.059898101 0.154924437 -0.026374185 0.068574816 0.025356257 0.996974885
0.000000 -0.772880435 -0.067359753 0.171071127 -0.022640115 0.068495408 0.027852785 0.997005582
0.000000 -0.799431264 -0.072660133 0.188980296 -0.022194592 0.069818601 0.027817652 0.996924758
0.000000 -0.811716199 -0.076112613 0.197001562 -0.022667751 0.070177861 0.028400792 0.996872485
0.000000 -0.834679246 -0.087556429 0.212387457 -0.021446690 0.073493287 0.025914127 0.996728301
0.000000 -0.844063759 -0.092905037 0.221492335 -0.019287139 0.073746979 0.025213517 0.996771634
0.000000 -0.853884161 -0.098823972 0.231644720 -0.013247340 0.074051291 0.025088945 0.996850789
0.000000 -0.872534573 -0.113900371 0.246778831 -0.008201499 0.077074401 0.022407714 0.996739805
0.000000 -0.882312536 -0.120873332 0.254372656 -0.006500666 0.078577794 0.021635208 0.996652007
0.000000 -0.897912443 -0.133172959 0.269553274 0.002310019 0.077972241 0.022332244 0.996702731
0.000000 -0.913240254 -0.143228576 0.280533373 0.001715950 0.082745999 0.018334549 0.996400535
0.000000 -0.925226033 -0.150031030 0.288069040 -0.004518493 0.091955967 0.008276656 0.995718420
0.000000 -0.939727187 -0.153643876 0.297383130 -0.007254686 0.099028759 0.001038965 0.995057583
0.000000 -0.949240625 -0.156194225 0.301222771 -0.008798881 0.100308381 0.000195213 0.994917512
0.000000 -0.971981645 -0.158653468 0.310639709 -0.012437151 0.102256164 -0.000153630 0.994680345
0.000000 -0.983790159 -0.161331668 0.314819634 -0.014511193 0.102526389 0.000245631 0.994624436
0.000000 -0.998182058 -0.162196070 0.321035057 -0.014587571 0.102686279 0.001531395 0.994605720
0.000000 -1.027682304 -0.164960906 0.331294656 -0.012701732 0.106417142 0.000729306 0.994240165
0.000000 -1.058324337 -0.166762799 0.342196971 -0.010988574 0.112734869 -0.003410936 0.993558526
0.000000 -1.074179888 -0.166695222 0.348163426 -0.011006604 0.115541421 -0.005381699 0.993227124
0.000000 -1.114011884 -0.168305829 0.360948056 -0.009733262 0.114578679 -0.001855047 0.993364751
0.000000 -1.156146288 -0.168528333 0.375064641 -0.007877007 0.114753380 0.000531746 0.993362665
0.000000 -1.177720428 -0.168124244 0.382619917 -0.006771516 0.114617936 0.002001153 0.993384600
0.000000 -1.224940896 -0.167567581 0.394260168 -0.005911427 0.117141485 0.002672802 0.993094087
0.000000 -1.248161077 -0.164936572 0.402855605 -0.004359193 0.114357017 0.006933182 0.993405998
0.000000 -1.299275517 -0.161899596 0.414810717 -0.009303986 0.112579659 0.013542972 0.993506908
0.000000 -1.321811795 -0.160306469 0.419785678 -0.012992006 0.108096741 0.019967148 0.993854940
0.000000 -1.368070483 -0.156856924 0.432264119 -0.019303571 0.103532873 0.029062903 0.994013906
0.000000 -1.411059856 -0.155913368 0.445214897 -0.016142586 0.103669144 0.030501490 0.994013011
0.000000 -1.449289680 -0.155456871 0.457855314 -0.008808167 0.105019502 0.030064238 0.993976653
0.000000 -1.466259837 -0.153684601 0.466071337 -0.007464304 0.105914772 0.030270470 0.993886352
0.000000 -1.499276519 -0.148480967 0.478775889 -0.010416042 0.109262183 0.029590532 0.993517876
0.000000 -1.512975693 -0.148698166 0.483414710 -0.012312729 0.110118061 0.028967399 0.993420064
0.000000 -1.527551889 -0.145777732 0.488992423 -0.013485380 0.112241045 0.027600011 0.993206143
0.000000 -1.553822279 -0.142799467 0.501803458 -0.015232155 0.115691938 0.026284533 0.992820442
0.000000 -1.578338146 -0.142653316 0.512766898 -0.017015560 0.118448883 0.025790507 0.992479324
0.000000 -1.601379633 -0.145899042 0.525928020 -0.003396668 0.118039697 0.026722118 0.992643476
0.000000 -1.619039297 -0.149267882 0.533922493 0.002413560 0.126888886 0.018288925 0.991745412
0.000000 -1.633089185 -0.146461025 0.541833878 0.000406193 0.137122512 0.006609317 0.990532041
0.000000 -1.642725468 -0.145649865 0.545595527 -0.001243847 0.140487507 0.003405131 0.990075886
0.000000 -1.664994597 -0.143805549 0.553484619 -0.000217363 0.138986006 0.006068414 0.990275800
0.000000 -1.691205382 -0.141760677 0.560486317 0.000645128 0.125195041 0.024058860 0.991840184
0.000000 -1.714979649 -0.135954037 0.562853515 -0.011879032 0.122281976 0.031060327 0.991938174
0.000000 -1.724915028 -0.132556885 0.563010216 -0.021126794 0.123638734 0.031369828 0.991606295
0.000000 -1.732670903 -0.129937351 0.564388573 -0.025544591 0.124908648 0.030848054 0.991359591
0.000000 -1.739793062 -0.130359605 0.565152287 -0.025339827 0.125807390 0.030512840 0.991261542
0.000000 -1.750473619 -0.134710774 0.570403934 -0.011565722 0.126105562 0.028977763 0.991526067
0.000000 -1.759567618 -0.144027963 0.569709182 -0.000911467 0.127522767 0.026336407 0.991485536
0.000000 -1.762262821 -0.148428828 0.567874372 0.000119285 0.126189783 0.027878623 0.991614342
0.000000 -1.766438007 -0.148624837 0.566035926 -0.011459221 0.126777247 0.030066689 0.991409242
0.000000 -1.767224431 -0.146715611 0.562234402 -0.027805850 0.129040271 0.029776877 0.990802109
0.000000 -1.763501167 -0.149369866 0.563926339 -0.026134718 0.130512998 0.026754029 0.990740955
0.000000 -1.756908894 -0.158307955 0.566586375 -0.007626819 0.131499976 0.023145845 0.991016567
0.000000 -1.752698898 -0.161245719 0.567599356 0.000587484 0.130932987 0.022784205 0.991129220
0.000000 -1.743914127 -0.163151130 0.569376051 0.006480692 0.131753698 0.018890230 0.991081357
0.000000 -1.739179254 -0.163382426 0.567587554 0.004403073 0.131587192 0.018409060 0.991123855
0.000000 -1.728454351 -0.159674540 0.563919544 -0.003473496 0.133054778 0.018119223 0.990936995
0.000000 -1.713097692 -0.157388464 0.558245420 -0.009602585 0.146603927 0.028174067 0.988747418
0.000000 -1.699132204 -0.156041294 0.552238286 -0.009387534 0.160879016 0.039912939 0.986122131
0.000000 -1.694590330 -0.155094415 0.551864088 -0.009618178 0.160722896 0.041620962 0.986074746
0.000000 -1.669967055 -0.167707086 0.542509377 -0.020970719 0.152001083 0.044015191 0.987177074
0.000000 -1.675326586 -0.152875096 0.546824634 -0.012061311 0.163563430 0.034565907 0.985853314
0.000000 -1.664016843 -0.152836636 0.544521630 -0.011847340 0.168163598 0.028759744 0.985268235
0.000000 -1.660104156 -0.154190719 0.543134391 -0.012544981 0.168170765 0.028765677 0.985258281
0.000000 -1.654821277 -0.155642167 0.543318033 -0.015005201 0.167195782 0.029586371 0.985365510
0.000000 -1.654194236 -0.157569289 0.543920815 -0.015408241 0.168131366 0.028570421 0.985230029
0.000000 -1.653724432 -0.164166719 0.545544446 -0.012408940 0.168580577 0.026622668 0.985250175
0.000000 -1.653772593 -0.167258531 0.547320962 -0.010199940 0.166032031 0.029361151 0.985630393
0.000000 -1.660160899 -0.174981803 0.550952971 -0.007639625 0.159212366 0.038304325 0.986471415
0.000000 -1.663494945 -0.185285866 0.554675996 -0.002627368 0.152697310 0.044700090 0.987258136
0.000000 -1.667630196 -0.195071876 0.556072176 0.002621254 0.150392726 0.046901133 0.987509787
0.000000 -1.668791533 -0.200530067 0.556361675 0.008297022 0.149932161 0.046796106 0.987553418
0.000000 -1.670465231 -0.206364959 0.554790556 0.012459526 0.150960609 0.045570359 0.987410307
0.000000 -1.671871066 -0.212664083 0.553109825 0.018623410 0.153209269 0.042750765 0.987092972
0.000000 -1.672659278 -0.213751301 0.549600959 0.013523524 0.153782845 0.042877387 0.987081349
0.000000 -1.673284173 -0.211341336 0.540527344 -0.008689323 0.152656689 0.046583861 0.987142622
0.000000 -1.673996091 -0.209365577 0.533379495 -0.021456210 0.152654245 0.047887120 0.986885607
0.000000 -1.673722148 -0.208991736 0.531267524 -0.023571551 0.153308481 0.047413733 0.986758828
0.000000 -1.671458602 -0.212560043 0.527020276 -0.024072120 0.153141007 0.046759520 0.986803949
0.000000 -1.668790698 -0.211816370 0.527791619 -0.019826593 0.152362689 0.047134180 0.987001002
0.000000 -1.665062904 -0.216417804 0.529588461 -0.011609050 0.152931124 0.044991605 0.987143934
0.000000 -1.660291433 -0.219278976 0.531305194 -0.006619139 0.155363381 0.042018868 0.986941218
0.000000 -1.656284332 -0.225943178 0.532427251 -0.001388482 0.154838413 0.042256501 0.987034738
0.000000 -1.655365467 -0.228947237 0.532771349 0.003312673 0.153595418 0.042203557 0.987226665
0.000000 -1.652049780 -0.234197751 0.532457173 0.010830560 0.152134970 0.042314697 0.987394154
0.000000 -1.648633003 -0.235900581 0.527254641 -0.002644466 0.150604635 0.044695612 0.987579644
0.000000 -1.647694111 -0.233199745 0.526451766 -0.011042254 0.152450576 0.048328236 0.987067103
0.000000 -1.641473532 -0.234317154 0.521764338 -0.017147807 0.162673473 0.062971190 0.984519124
0.000000 -1.638959050 -0.236549348 0.520358622 -0.016074454 0.169043586 0.068271466 0.983109832
0.000000 -1.631940126 -0.240179464 0.521029055 -0.009279958 0.173210561 0.064869061 0.982702434
0.000000 -1.628890991 -0.246673286 0.525342703 0.009122535 0.173087090 0.061956629 0.982913554
0.000000 -1.625773072 -0.249672979 0.525822043 0.018199719 0.171378970 0.062210966 0.983070672
0.000000 -1.620160818 -0.252661556 0.525438488 0.029860700 0.172211632 0.063180283 0.982578158
0.000000 -1.618193626 -0.251536727 0.525282085 0.036505882 0.175832614 0.064203151 0.981645703
0.000000 -1.613704920 -0.246022806 0.520036876 0.037829433 0.180554211 0.068631113 0.980438113
0.000000 -1.611477137 -0.239551902 0.514272213 0.026414648 0.180923715 0.072650798 0.980454445
0.000000 -1.608664751 -0.220592782 0.501786232 -0.006179169 0.184281155 0.085083082 0.979164541
0.000000 -1.604696751 -0.208108366 0.488829970 -0.018689470 0.195644170 0.093927450 0.975987613
0.000000 -1.603143454 -0.202789187 0.485931903 -0.016997466 0.197721675 0.093548790 0.975636125
0.000000 -1.601284981 -0.198190317 0.479716897 -0.013773465 0.195469514 0.094861619 0.976014018
0.000000 -1.599298716 -0.196851879 0.476812035 -0.012279883 0.193969965 0.095741317 0.976247132
0.000000 -1.597456217 -0.196083829 0.473650426 -0.011087376 0.191589743 0.097630545 0.976544321
0.000000 -1.593144059 -0.196257085 0.469839245 -0.003067917 0.189701065 0.099476635 0.976784766
0.000000 -1.586243987 -0.194984898 0.466096938 0.002803233 0.197258145 0.090223685 0.976186991
0.000000 -1.582217455 -0.195021689 0.463483959 0.002662944 0.202443555 0.084133953 0.975669503
0.000000 -1.578815937 -0.191785514 0.461852491 0.003496181 0.207042843 0.078640543 0.975159883
0.000000 -1.576835990 -0.189131364 0.460452974 0.004906748 0.210243061 0.074857891 0.974766731
