0.000000 0.000000000 0.000000000 0.000000000 -0.000000000 -0.000000000 -0.000000000 1.000000000
0.000000 -0.016478505 -0.019355677 0.021717805 0.011202018 -0.000716917 0.000669696 0.999936759
0.000000 -0.049409635 -0.047866449 0.059636466 0.003347909 0.002075752 -0.002279457 0.999989688
0.000000 -0.065375514 -0.057296272 0.075018026 -0.011521142 0.007356333 -0.005010470 0.999894023
0.000000 -0.102732614 -0.085562490 0.103226945 -0.013351141 0.018029952 -0.013096426 0.999662519
0.000000 -0.142737389 -0.122794241 0.126940101 -0.000155183 0.057927851 0.060859770 0.996463954
0.000000 -0.158486813 -0.134220704 0.133834362 -0.003400772 0.070530050 0.054831289 0.995995760
0.000000 -0.181498051 -0.143969849 0.140987843 0.001238350 0.079490729 0.049104340 0.995624661
0.000000 -0.194794506 -0.146546438 0.141957939 0.007668647 0.085311301 0.043744128 0.995364070
0.000000 -0.222799569 -0.144708037 0.140433148 0.009118321 0.078213140 0.050551467 0.995612442
0.000000 -0.325827777 -0.108923420 0.135461107 -0.046448354 0.068653308 0.070359975 0.994071782
0.000000 -0.417215377 -0.069992535 0.194916248 -0.017453698 0.085177481 0.052284099 0.994839966
0.000000 -0.445182562 -0.057364598 0.189456508 -0.028529175 0.080890685 0.057595458 0.994648516
0.000000 -0.489950210 -0.050234728 0.183155224 -0.035510082 0.074476689 0.065471850 0.994437397
0.000000 -0.516319871 -0.056577995 0.184680477 -0.035098426 0.077696204 0.064005688 0.994301081
0.000000 -0.536352038 -0.072556101 0.193812743 -0.024816245 0.078806177 0.065109082 0.994451940
0.000000 -0.551224887 -0.089003548 0.209062696 -0.004738503 0.076084226 0.067519598 0.994801462
0.000000 -0.554786205 -0.096864030 0.221300617 0.000777847 0.083828360 0.070137203 0.994008541
0.000000 -0.553051531 -0.091664501 0.224136487 -0.009345556 0.097131789 0.081047580 0.991922081
0.000000 -0.541635871 -0.079650901 0.224030226 -0.019612569 0.128216133 0.113610499 0.985022128
0.000000 -0.531705201 -0.074633248 0.229205802 -0.016211959 0.164241418 0.144357920 0.975665331
0.000000 -0.517199814 -0.075493000 0.228800759 0.011028691 0.211334765 0.183616400 0.959948480
0.000000 -0.521231174 -0.066269882 0.210550949 -0.035233069 0.274173021 0.265530229 0.923624098
0.000000 -0.508308709 -0.066599190 0.206928536 -0.000229124 0.335993975 0.316170335 0.887211561
0.000000 -0.493076414 -0.055322543 0.190351382 -0.006971893 0.399743944 0.384906560 0.831867278
0.000000 -0.498933256 -0.063133731 0.193714648 -0.000913245 0.502591610 0.453825146 0.735828578
0.000000 -0.507707477 -0.070559323 0.191041961 -0.001587885 0.515638828 0.468162566 0.717591763
0.000000 -0.502157152 -0.065806746 0.191477180 0.002890389 0.540280581 0.502613425 0.674883902
0.000000 -0.510142565 -0.068707287 0.188011289 0.016429849 0.565507591 0.528098404 0.633279920
0.000000 -0.510563612 -0.069173098 0.187222719 0.035889741 0.606119096 0.575278997 0.548074484
0.000000 -0.510455847 -0.070237905 0.188142091 0.031209713 0.641974509 0.606706262 0.467762977
0.000000 -0.511710763 -0.071062952 0.188202620 0.030348688 0.668182552 0.621047199 0.408547968
0.000000 -0.510739565 -0.070649534 0.187322646 0.024084555 0.683742523 0.641543686 0.346897393
0.000000 -0.513281703 -0.072479904 0.188016623 0.044093035 0.695964038 0.695274353 0.174021512
0.000000 -0.512759447 -0.077166751 0.188213557 0.031132281 0.706872106 0.704872906 0.050167840
0.000000 -0.514213562 -0.077046290 0.188981637 0.037116166 0.710687935 0.702279508 0.018668741
0.000000 -0.514633358 -0.076815382 0.187599242 -0.026803441 -0.710409760 -0.703119040 0.014939137
