0.000000 0.000000000 0.000000000 0.000000000 -0.000000000 -0.000000000 -0.000000000 1.000000000
0.000000 0.000998416 -0.123882525 -0.065423563 0.007058667 0.015203368 0.019004183 0.999678910
0.000000 -0.001341363 -0.282361835 -0.117813610 0.009598504 0.026747014 0.041526612 0.998733222
0.000000 -0.000734580 -0.581852138 -0.163197204 0.004910294 0.047160845 0.074007399 0.996129870
0.000000 -0.002665697 -0.652033627 -0.165003821 0.004841316 0.048383970 0.081743009 0.995466530
0.000000 0.001876876 -0.806231916 -0.157245263 0.012448285 0.052190807 0.093648300 0.994158566
0.000000 0.012920874 -0.993769646 -0.104243323 0.008445561 0.055355664 0.106964976 0.992684722
0.000000 0.074106574 -1.214618564 0.047678459 0.005776299 0.075514600 0.121974811 0.989639521
0.000000 0.093364865 -1.278693676 0.094975181 0.008849139 0.080614671 0.126887724 0.988596261
0.000000 0.131677806 -1.414929032 0.191767901 0.015845478 0.088439383 0.136346653 0.986578465
0.000000 0.168029413 -1.552184105 0.291325241 0.021788292 0.092747509 0.144506827 0.984906614
0.000000 0.208980381 -1.685525894 0.380721003 0.022613915 0.103343986 0.152660429 0.982600391
0.000000 0.249839038 -1.810851812 0.470052749 0.021958590 0.116256177 0.167104915 0.978814781
0.000000 0.308097810 -2.060862541 0.640282452 0.017299874 0.138741612 0.197842658 0.970211208
0.000000 0.331697136 -2.198631525 0.712865353 0.014933314 0.147460297 0.210321888 0.966331780
0.000000 0.352914006 -2.412812710 0.818529189 0.006623981 0.155253530 0.220195904 0.962998569
0.000000 0.380406916 -2.891425610 1.107481003 0.030125236 0.152262613 0.225291163 0.961848497
0.000000 0.384503245 -3.016420841 1.228877664 0.041209947 0.154389292 0.223698169 0.961470127
0.000000 0.356494904 -3.285197258 1.509513497 0.024931446 0.154664889 0.224969372 0.961689115
0.000000 0.328026235 -3.392326355 1.618673086 0.001138887 0.163819745 0.217898011 0.962123811
0.000000 0.240955025 -3.794515133 1.873646259 0.027597779 0.206279933 0.285289645 0.935572982
0.000000 0.219653189 -3.854815722 1.911234736 0.023104960 0.214325443 0.283800840 0.934338212
0.000000 0.178164423 -3.934347868 1.957639933 0.019556167 0.222255483 0.277081281 0.934583366
0.000000 0.088994622 -4.026963711 2.014303684 0.025560752 0.234268963 0.267926544 0.934173465
0.000000 0.006753206 -4.063461781 2.040981770 0.030019425 0.232868791 0.268696994 0.934169650
0.000000 -0.168243885 -4.084031582 2.063635588 0.016311577 0.216289625 0.285131574 0.933623433
0.000000 -0.351149976 -4.079267979 2.056462288 -0.011255808 0.205331117 0.296309471 0.932691395
0.000000 -0.480570495 -4.089944839 2.063568830 -0.023231173 0.204371721 0.298940510 0.931840718
0.000000 -0.565656841 -4.139348984 2.118805170 -0.016739568 0.210451573 0.294990689 0.931885421
0.000000 -0.592347682 -4.198122978 2.242399931 -0.018845990 0.205936804 0.302009076 0.930604875
0.000000 -0.545513988 -4.241216183 2.306874275 -0.000053107 0.217886910 0.290013820 0.931889117
0.000000 -0.492784679 -4.301018715 2.410674572 0.046796881 0.228520721 0.278885454 0.931563914
0.000000 -0.468578160 -4.302464008 2.433190346 -0.002647409 0.239756539 0.267037332 0.933381438
0.000000 -0.489019036 -4.302663326 2.415295601 -0.006981699 0.237855405 0.266574144 0.933977723
0.000000 -0.556400776 -4.303567886 2.356023788 -0.008442554 0.229730740 0.272156596 0.934389293
0.000000 -0.650381088 -4.303398132 2.404804230 -0.005736276 0.223269030 0.280661374 0.933459818
0.000000 -0.699223399 -4.308922291 2.417964220 -0.004781987 0.222028375 0.282429904 0.933227658
0.000000 -0.911008239 -4.305282116 2.464517832 -0.010980577 0.221256986 0.282888561 0.933219612
0.000000 -1.205299735 -4.319393158 2.517074823 -0.023727003 0.212701291 0.293088228 0.931823194
0.000000 -1.430348873 -4.408321381 2.572174072 -0.026897043 0.207043186 0.300557613 0.930631399
0.000000 -1.484757662 -4.456106663 2.595462322 -0.028518595 0.208903268 0.299649715 0.930460215
0.000000 -1.537301660 -4.582796574 2.661119938 -0.020195507 0.213426098 0.297558457 0.930322766
0.000000 -1.545018315 -4.672570705 2.727614164 -0.011071336 0.213931456 0.297742277 0.930301189
0.000000 -1.538870692 -4.727031708 2.778932095 0.001850019 0.215430498 0.295696795 0.930671632
0.000000 -1.526568174 -4.762731552 2.821113348 0.010947272 0.218712226 0.293015480 0.930691719
0.000000 -1.514569998 -4.756623268 2.861507416 -0.000242484 0.229766235 0.303085834 0.924849391
0.000000 -1.499013186 -4.648845673 2.864100456 -0.014457015 0.262816280 0.340735227 0.902561963
0.000000 -1.445195436 -4.593785763 2.856025934 -0.013636529 0.294881314 0.368656188 0.881448686
0.000000 -1.404259920 -4.590394497 2.850731611 0.001295779 0.323517978 0.379697919 0.866697192
0.000000 -1.384781837 -4.575207233 2.845129490 0.008417452 0.346788555 0.397506177 0.849503219
0.000000 -1.399832726 -4.538181305 2.822246075 -0.002765896 0.359772831 0.421683311 0.832309484
0.000000 -1.448284626 -4.477556705 2.756635427 -0.027666885 0.387346447 0.478897363 0.787308455
0.000000 -1.426752567 -4.480476856 2.725162983 -0.021906743 0.409967840 0.492871940 0.767153025
0.000000 -1.393608093 -4.492594242 2.690385818 -0.008976497 0.435733050 0.507475257 0.743320227
0.000000 -1.362973690 -4.496024609 2.625403643 -0.000481849 0.468513548 0.535521269 0.702646255
