0.000000 0.000000000 0.000000000 0.000000000 -0.000000000 -0.000000000 -0.000000000 1.000000000
0.000000 -0.009845499 -0.060492110 0.069027089 0.013503023 0.042205732 0.055665642 0.997465611
0.000000 -0.019462893 -0.072516315 0.088520475 0.000510003 0.045852415 0.051953766 0.997596204
0.000000 -0.035841111 -0.086699404 0.110099621 -0.002308676 0.051438112 0.045316692 0.997644842
0.000000 -0.059742842 -0.098868966 0.126206547 -0.000464795 0.049316518 0.049644463 0.997548580
0.000000 -0.099975228 -0.127678216 0.134795204 -0.004342237 0.045742974 0.055132497 0.997421265
0.000000 -0.112690873 -0.141677395 0.133457750 -0.003094220 0.046559118 0.056015015 0.997338951
0.000000 -0.130996689 -0.156497493 0.135030299 -0.003932417 0.044705532 0.059453271 0.997221768
0.000000 -0.141223520 -0.160649598 0.138333663 -0.003798138 0.048254017 0.056046572 0.997254193
0.000000 -0.161512867 -0.165561512 0.145571798 -0.005074454 0.054567020 0.049940962 0.997247517
0.000000 -0.185916230 -0.173384115 0.149236336 -0.003973744 0.060570292 0.044852156 0.997147799
0.000000 -0.210101143 -0.178564996 0.150973916 -0.003313578 0.060080685 0.045337908 0.997157872
0.000000 -0.236218765 -0.182409734 0.150684297 -0.009156074 0.063660331 0.042916846 0.997006357
0.000000 -0.266313255 -0.187663063 0.150905907 -0.009574360 0.067207634 0.040710002 0.996862173
0.000000 -0.330071568 -0.195144266 0.152506709 -0.007754240 0.071368031 0.040676560 0.996590137
0.000000 -0.390459120 -0.199970275 0.154335126 -0.007200886 0.069267504 0.045183294 0.996548355
0.000000 -0.453076184 -0.199304581 0.155625015 -0.011067660 0.093192190 0.071389064 0.993023872
0.000000 -0.563157022 -0.188217849 0.174225464 -0.032011319 0.090983540 0.083904445 0.991795003
0.000000 -0.640285432 -0.202305540 0.205577329 -0.023949794 0.095311567 0.085847519 0.991449594
0.000000 -0.700194538 -0.226418644 0.243420795 -0.021021202 0.097008698 0.089003213 0.991073072
0.000000 -0.734712005 -0.254656851 0.274316281 -0.013353901 0.100919262 0.086159408 0.991066873
0.000000 -0.770556867 -0.293298215 0.310111046 0.001349882 0.105513453 0.084203303 0.990845561
0.000000 -0.805179954 -0.317006886 0.336539000 -0.010039404 0.125543892 0.063599236 0.989996493
0.000000 -0.843868732 -0.326976746 0.356923044 -0.016401233 0.128596336 0.062652312 0.989580035
0.000000 -0.908804715 -0.342814207 0.383653641 -0.014704107 0.137745306 0.059248552 0.988584697
0.000000 -0.999575555 -0.356087655 0.418045014 -0.011864870 0.140602231 0.062582798 0.988014996
0.000000 -1.086634040 -0.367346406 0.442690969 -0.010284749 0.140262276 0.070244327 0.987565935
0.000000 -1.207206488 -0.377134591 0.465388089 -0.025860861 0.129823223 0.094509296 0.986683905
0.000000 -1.443727136 -0.398965567 0.575019956 -0.011252874 0.152348012 0.093728654 0.983808100
0.000000 -1.503054619 -0.404178023 0.606749237 -0.009588382 0.173257768 0.073239028 0.982102752
0.000000 -1.560763121 -0.400096387 0.620826364 -0.027786549 0.156948447 0.099171348 0.982222021
0.000000 -1.584312558 -0.406884074 0.628764689 -0.019257974 0.160097346 0.096033186 0.982229888
0.000000 -1.489753127 -0.421309561 0.599206209 -0.022765661 0.201634303 0.094205767 0.974654138
0.000000 -1.500615597 -0.467083663 0.582671165 -0.031433240 0.184783772 0.115365304 0.975478232
0.000000 -1.480405092 -0.486343414 0.587686062 0.002859739 0.187181503 0.108939342 0.976261854
0.000000 -1.472455025 -0.484981924 0.577121377 -0.024906946 0.196364924 0.130490646 0.971489906
0.000000 -1.424548864 -0.435785443 0.513500214 -0.006711204 0.245920733 0.140718892 0.958997488
0.000000 -1.435369492 -0.426961541 0.511923254 -0.010670278 0.240717381 0.145829722 0.959518135
0.000000 -1.458128095 -0.420638740 0.512875915 -0.021345276 0.225150332 0.166560978 0.959744334
0.000000 -1.471886754 -0.421193957 0.514403224 -0.034282412 0.223399550 0.169821084 0.959207118
0.000000 -1.473999977 -0.440215766 0.524972618 -0.006536986 0.226031393 0.164998040 0.960022271
0.000000 -1.468943357 -0.450968117 0.534583330 -0.009791890 0.248536542 0.140135229 0.958381891
0.000000 -1.481509209 -0.455184400 0.546046913 -0.015834544 0.249352932 0.139227957 0.958221257
0.000000 -1.518386245 -0.464562088 0.574296296 -0.016985632 0.241918281 0.150041386 0.958475173
0.000000 -1.561110377 -0.479230136 0.613050222 -0.013657886 0.243924573 0.151625335 0.957770348
0.000000 -1.599399567 -0.492519170 0.646782100 -0.007218360 0.242916495 0.154795274 0.957589626
0.000000 -1.643166304 -0.506220937 0.677826583 -0.006741132 0.244067639 0.157779858 0.956812978
0.000000 -1.698219299 -0.523204863 0.711904109 -0.010851511 0.252509117 0.154494837 0.955119252
0.000000 -1.752941251 -0.538387656 0.747074068 -0.015987841 0.263898075 0.146125823 0.953283548
0.000000 -1.845269203 -0.558573067 0.807087123 -0.013815925 0.269537568 0.146562919 0.951671124
0.000000 -1.966415167 -0.594383121 0.856912494 -0.016913524 0.271770269 0.156193390 0.949451685
0.000000 -2.050423384 -0.624944687 0.898950994 -0.012314842 0.272229433 0.156461060 0.949346840
0.000000 -2.130379438 -0.649221361 0.921730638 -0.015075004 0.270174056 0.168095678 0.947904289
0.000000 -2.241107941 -0.729383528 1.049528599 -0.024265770 0.303397685 0.144086763 0.941594422
0.000000 -2.263710976 -0.738698065 1.097249746 -0.029432401 0.298504174 0.149507537 0.942165852
0.000000 -2.310655594 -0.770463943 1.186109424 -0.021274110 0.308315575 0.145615846 0.939832389
0.000000 -2.332474470 -0.788084626 1.220957875 -0.009201792 0.308606833 0.147040412 0.939710736
0.000000 -2.377526045 -0.803111851 1.268731833 -0.010693375 0.314459115 0.145656332 0.937968731
0.000000 -2.421950102 -0.807783067 1.298320413 -0.012253237 0.320134252 0.141893387 0.936605692
0.000000 -2.476230621 -0.807135463 1.326667905 -0.018768355 0.321820945 0.145412296 0.935379207
0.000000 -2.520081997 -0.802357793 1.346869707 -0.032190952 0.333500743 0.135640681 0.932385445
0.000000 -2.569055319 -0.800081909 1.375171065 -0.036112271 0.339214116 0.135042891 0.930265129
0.000000 -2.638713360 -0.804970980 1.421270370 -0.034222428 0.345447153 0.134475634 0.928122520
0.000000 -2.678180218 -0.809553146 1.446339130 -0.034946315 0.352071553 0.130337268 0.926194727
0.000000 -2.739540100 -0.820338130 1.491677880 -0.032564905 0.356094241 0.131197542 0.924620807
0.000000 -2.783023596 -0.827945948 1.524537206 -0.033451065 0.364252985 0.126733065 0.922030091
0.000000 -2.851777077 -0.840976417 1.576287389 -0.042281229 0.386340797 0.107193209 0.915129900
0.000000 -2.969832420 -0.861803174 1.678976774 -0.020722818 0.359004200 0.153264359 0.920432806
0.000000 -3.052120209 -0.884721875 1.751297355 0.000936471 0.326672912 0.197779343 0.924211681
0.000000 -3.093527794 -0.901693583 1.778711915 0.000572160 0.332241446 0.196119890 0.922579169
0.000000 -3.170930862 -0.925459623 1.817906618 -0.014659137 0.358669311 0.172724336 0.917228281
0.000000 -3.219561815 -0.943219900 1.820877790 -0.021456579 0.372037560 0.159984380 0.914074779
0.000000 -3.329414845 -0.987760842 1.806731462 -0.018248519 0.399858266 0.199573681 0.894399643
0.000000 -3.348051548 -1.000361681 1.809563875 -0.020194106 0.422386169 0.193959475 0.885190308
0.000000 -3.409206390 -1.035885215 1.842796564 -0.009660331 0.450798512 0.225875244 0.863520563
0.000000 -3.431899548 -1.028997302 1.868314147 -0.002668547 0.496110916 0.254385352 0.830153584
0.000000 -3.442409754 -1.022039175 1.884160519 -0.001243877 0.514519036 0.266876727 0.814889848
0.000000 -3.453330994 -1.020286918 1.902401447 -0.000506053 0.524349868 0.275074989 0.805847764
0.000000 -3.471565962 -1.028742790 1.931964755 0.003436281 0.534061313 0.289686918 0.794259548
0.000000 -3.491626024 -1.045569539 1.966399193 0.009094943 0.552302539 0.312022358 0.772994995
0.000000 -3.510686874 -1.069173336 2.021189690 0.023159420 0.567530751 0.338746667 0.750082135
0.000000 -3.521580935 -1.086196423 2.059448957 0.040519524 0.572864950 0.363947809 0.733298004
0.000000 -3.543762445 -1.110847592 2.105744600 0.045203626 0.631145418 0.399175555 0.663529158
0.000000 -3.557419300 -1.128714204 2.127645493 0.065421760 0.641923130 0.437011153 0.626638651
0.000000 -3.568609476 -1.139073253 2.135965109 0.071769677 0.653147757 0.456665486 0.599753082
0.000000 -3.591253757 -1.154597282 2.143764496 0.056558933 0.681318402 0.471414357 0.557112932
0.000000 -3.599905252 -1.174215555 2.171920538 0.088634148 0.671723604 0.503923714 0.535716593
0.000000 -3.608544588 -1.179875612 2.177248240 0.065229647 0.678064346 0.507468939 0.527682781
0.000000 -3.596479893 -1.183101892 2.175128698 0.054812413 0.693018556 0.491170168 0.524855018
0.000000 -3.585664272 -1.188313723 2.175316095 0.061142288 0.695354819 0.487317294 0.524657309
0.000000 -3.524505377 -1.229778528 2.209183931 0.070986442 0.688865125 0.497458398 0.522456646
0.000000 -3.467047215 -1.265446901 2.240785122 0.094531231 0.693983257 0.514263272 0.494958967
0.000000 -3.421169281 -1.299985409 2.268942595 0.084892467 0.726998806 0.550557196 0.401438475
0.000000 -3.423838377 -1.307576895 2.291842222 0.077782221 0.730259478 0.547726274 0.400832862
0.000000 -3.399094105 -1.324256659 2.312900782 0.087421156 0.735464215 0.548697650 0.387789667
0.000000 -3.357822657 -1.358033657 2.344819784 0.090010442 0.732531905 0.552318871 0.387606740
0.000000 -3.293071985 -1.403493404 2.384394884 0.120171137 0.718936503 0.560973763 0.392425358
0.000000 -3.263263226 -1.419306755 2.391200066 0.115512043 0.726859331 0.552450180 0.391319841
0.000000 -3.236760378 -1.436519623 2.383850336 0.108322337 0.730506241 0.549834728 0.390267491
0.000000 -3.236691236 -1.430274487 2.380406380 0.115679309 0.725012898 0.554178894 0.392250359
0.000000 -3.242979527 -1.417176962 2.373213768 0.110644415 0.728813350 0.551711321 0.390132725
0.000000 -3.257259130 -1.394503355 2.361439228 0.097647361 0.732940733 0.550280631 0.387884200
0.000000 -3.307620764 -1.328221560 2.271704912 0.104640961 0.729928970 0.528193712 0.421029001
0.000000 -3.334471226 -1.323244810 2.253652811 0.095162533 0.724302053 0.527040601 0.434233606
0.000000 -3.365092754 -1.320178747 2.241621256 0.086445801 0.715715170 0.526984751 0.450073361
0.000000 -3.386737823 -1.317684412 2.231037140 0.083034307 0.713374913 0.521645784 0.460529208
0.000000 -3.405766964 -1.313478231 2.219716311 0.089050747 0.716915429 0.502533197 0.474934310
0.000000 -3.414786100 -1.310866117 2.219509363 0.085528702 0.714806259 0.494064540 0.487480342
0.000000 -3.444943428 -1.303134918 2.227594137 0.075076178 0.695256054 0.482737064 0.527207434
0.000000 -3.481586456 -1.297616124 2.245327711 0.062314764 0.674642563 0.461942375 0.572349131
0.000000 -3.511379242 -1.298855186 2.259040356 0.055016488 0.658419192 0.444191188 0.605104625
0.000000 -3.546247721 -1.303556561 2.273794413 0.043448061 0.639841914 0.421395361 0.641202509
0.000000 -3.571240902 -1.306408644 2.285371780 0.036820564 0.625038087 0.406680703 0.665268719
0.000000 -3.639553308 -1.311969757 2.350723267 0.033712342 0.594389379 0.356598198 0.720001698
0.000000 -3.666995287 -1.301794052 2.362604856 0.028028311 0.594630122 0.357457757 0.719620287
0.000000 -3.702502489 -1.291752815 2.374768019 0.028012168 0.594859183 0.357868433 0.719227374
0.000000 -3.739480019 -1.277925253 2.384252787 0.007846476 0.602093458 0.352628529 0.716292560
0.000000 -3.762994528 -1.278166056 2.398626566 0.007649373 0.602477193 0.352557033 0.716007233
0.000000 -3.781391382 -1.282184958 2.420472860 0.000603457 0.609330177 0.344364017 0.714233756
0.000000 -3.802294493 -1.314845800 2.484174967 0.012045185 0.606938422 0.346085042 0.715336144
0.000000 -3.817183018 -1.351159573 2.537072897 0.032313179 0.603790820 0.346820980 0.717013061
0.000000 -3.838190317 -1.374811530 2.577315807 0.031703550 0.601462841 0.351591736 0.716673255
0.000000 -3.868800402 -1.400471926 2.629835606 0.027568160 0.601471722 0.354079723 0.715611160
0.000000 -3.955498934 -1.443419933 2.762128830 0.009275785 0.595413089 0.370904744 0.712619722
0.000000 -3.960111618 -1.453283072 2.779819727 0.007914035 0.604965627 0.359021842 0.710673809
0.000000 -3.960923433 -1.463965893 2.803753853 0.002588616 0.614883482 0.348906100 0.707231343
0.000000 -3.960427999 -1.471816778 2.818893194 0.004611250 0.613394558 0.352271438 0.706845582
0.000000 -3.956757545 -1.516796350 2.894145966 -0.002199037 0.619806290 0.349946409 0.702405035
0.000000 -3.961818218 -1.539162636 2.917326212 0.005575844 0.623146236 0.345860302 0.701454520
0.000000 -3.977263451 -1.566828609 2.958708763 0.000488497 0.623972535 0.349720240 0.698823154
0.000000 -3.990585804 -1.590608954 3.003012657 -0.010548573 0.631876767 0.343049407 0.694937110
0.000000 -3.997861385 -1.605542064 3.039405584 -0.008482324 0.629015386 0.350083292 0.694052875
0.000000 -4.003865242 -1.626322269 3.094020367 0.004662565 0.620611370 0.362621576 0.695216119
0.000000 -4.006582260 -1.647432327 3.134700298 0.007451165 0.620881021 0.364128649 0.694162488
0.000000 -4.006402969 -1.660091043 3.153645992 0.004934017 0.624845028 0.360411495 0.692566216
0.000000 -4.005641460 -1.676814079 3.172786951 -0.001941873 0.631709576 0.353332847 0.689996481
0.000000 -4.006700516 -1.693969488 3.186839104 -0.010061350 0.638019860 0.347936720 0.686854720
0.000000 -4.006015778 -1.706105232 3.196935654 -0.014588626 0.639266610 0.347958654 0.685602069
0.000000 -4.001303196 -1.737021685 3.239255905 -0.004454341 0.638058007 0.350114048 0.685771406
0.000000 -4.000540733 -1.780226469 3.278328896 0.015381391 0.648824334 0.386721134 0.655161977
0.000000 -4.005596638 -1.782065630 3.283768415 0.032801796 0.713001311 0.433950007 0.549764156
0.000000 -4.020891190 -1.815027356 3.266603708 0.014785521 0.719811976 0.425951570 0.547920942
0.000000 -4.003689766 -1.832753420 3.281676292 0.028812960 0.723688424 0.443392307 0.528060734
0.000000 -3.991224289 -1.848732710 3.297952890 0.038187753 0.732351959 0.456721753 0.503594637
0.000000 -3.968877316 -1.872082949 3.323171616 0.070846267 0.746210337 0.498498946 0.435487926
0.000000 -3.963045120 -1.887268066 3.341416359 0.085505679 0.775448143 0.534708500 0.324739724
0.000000 -3.961439133 -1.886304855 3.352057457 0.090762891 0.776148021 0.537138641 0.317550749
0.000000 -3.972045422 -1.863051653 3.355520248 0.087393574 0.776389003 0.536787987 0.318498254
0.000000 -3.972930908 -1.837201595 3.345210075 0.063006021 0.784594774 0.530468166 0.314713836
0.000000 -3.880825520 -1.888955116 3.387097359 0.080684029 0.778914094 0.536648393 0.314311087
0.000000 -3.830161095 -1.919884205 3.391171455 0.082844049 0.786919415 0.526469648 0.311005414
0.000000 -3.782656908 -1.939034700 3.396804810 0.092553549 0.784472764 0.528888106 0.310344547
0.000000 -3.749320030 -1.957802773 3.420867443 0.094846331 0.790973544 0.532535493 0.285956204
0.000000 -3.758101463 -1.958871365 3.452415466 0.104271881 0.793857813 0.543121517 0.252856016
0.000000 -3.749681473 -1.941792250 3.525671482 0.124548890 0.795604706 0.569540143 0.164695904
0.000000 -3.751206636 -1.886185169 3.489248753 0.121635400 0.813112676 0.552931070 0.135350570
0.000000 -3.761765480 -1.873522758 3.485251904 0.109786168 0.805757642 0.565845311 0.136091277
0.000000 -3.758608341 -1.870706081 3.482624531 0.108325973 0.809754193 0.560599446 0.135247469
0.000000 -3.737119198 -1.862250090 3.490392685 0.118185125 0.808303237 0.560843825 0.134656906
0.000000 -3.713886738 -1.882671118 3.580249310 0.119663388 0.804557920 0.565721214 0.135376468
0.000000 -3.728141546 -1.904899836 3.580076218 0.104759149 0.805310607 0.568246603 0.132650554
0.000000 -3.719621181 -1.923764944 3.579379082 0.124102846 0.805122316 0.568979561 0.112422332
0.000000 -3.708287239 -1.930317163 3.579680920 0.129164815 0.804445982 0.574836969 0.075799413
0.000000 -3.692034245 -1.926136732 3.577365398 0.117249906 0.806842625 0.574269950 0.073969342
0.000000 -3.642378807 -1.921541929 3.567658901 0.126153216 0.805531144 0.574064910 0.075195618
0.000000 -3.587545633 -1.915576220 3.548787594 0.114432365 0.809145987 0.571699440 0.073128656
0.000000 -3.532166719 -1.918301344 3.532713890 0.119430348 0.808476686 0.571602464 0.073296957
0.000000 -3.458546638 -1.945175409 3.503973484 0.119790196 0.806671500 0.574096859 0.073104106
0.000000 -3.393071413 -1.991664410 3.471268654 0.118602000 0.806731761 0.574263811 0.073065475
0.000000 -3.311535120 -2.044784546 3.458375931 0.137995213 0.803227246 0.577863932 0.043088172
0.000000 -3.271428108 -2.066801548 3.476947308 -0.153723568 -0.788583875 -0.595139086 0.017720569
0.000000 -3.261921883 -2.084492207 3.485838175 -0.138259798 -0.789233029 -0.595146239 0.061616067
0.000000 -3.246189594 -2.126442432 3.494368076 -0.149890170 -0.772789121 -0.603304863 0.127879426
0.000000 -3.228652000 -2.155490160 3.490525246 -0.168371782 -0.755092323 -0.608249843 0.177534953
0.000000 -3.210590363 -2.175605297 3.470125198 -0.194262430 -0.735997796 -0.603212535 0.238126040
0.000000 -3.202202797 -2.179221392 3.455437660 -0.199044257 -0.725958347 -0.596952498 0.277513236
0.000000 -3.196096420 -2.180863380 3.441480637 -0.211436495 -0.722756922 -0.588822246 0.293607593
0.000000 -3.173471928 -2.183468103 3.416387320 -0.237276748 -0.724485934 -0.585022271 0.276710719
0.000000 -3.155829906 -2.184352398 3.388016939 -0.254617363 -0.723871350 -0.584512711 0.263676256
0.000000 -3.147771358 -2.191113472 3.351037979 -0.286271453 -0.731989682 -0.563723862 0.253880233
0.000000 -3.152132034 -2.195029736 3.328567505 -0.286359459 -0.738204539 -0.556103885 0.252588272
0.000000 -3.156028271 -2.206509113 3.315911293 -0.293785304 -0.741648793 -0.548206747 0.251230240
0.000000 -3.150729179 -2.254676342 3.304454565 -0.320934683 -0.736860037 -0.546408951 0.235532358
0.000000 -3.151783943 -2.317341089 3.288781881 -0.355285347 -0.743584454 -0.524430156 0.214073643
0.000000 -3.155458450 -2.415061712 3.291736126 -0.405035377 -0.737901330 -0.506471276 0.186908647
0.000000 -3.162647963 -2.488688469 3.307799578 -0.440095365 -0.728692889 -0.498941839 0.162418649
0.000000 -3.156328917 -2.529763937 3.319014311 -0.431242377 -0.715340078 -0.524437010 0.165179953
0.000000 -3.162419319 -2.574294806 3.339977741 -0.429682463 -0.668733776 -0.559362054 0.235121951
0.000000 -3.161609650 -2.606246710 3.372958183 -0.417597711 -0.675671935 -0.560805082 0.233617872
0.000000 -3.172576427 -2.665694952 3.362694263 -0.442838132 -0.678269386 -0.543815315 0.219339713
0.000000 -3.200746298 -2.759127140 3.346194506 -0.513673961 -0.669104099 -0.500225902 0.195480928
0.000000 -3.217596769 -2.779978752 3.324094534 -0.518239439 -0.680719495 -0.476907730 0.201513886
0.000000 -3.215675831 -2.771544695 3.315962315 -0.512667954 -0.681413293 -0.482270181 0.200656384
0.000000 -3.213643789 -2.763151884 3.307468414 -0.507645547 -0.687430143 -0.478372544 0.202226341
0.000000 -3.233185053 -2.831042767 3.318539381 -0.531294346 -0.682715595 -0.466463059 0.184493765
0.000000 -3.259635925 -2.906489849 3.347891808 -0.561167479 -0.682777941 -0.442547083 0.151846603
0.000000 -3.318419456 -3.082056522 3.489055634 -0.599851668 -0.681859910 -0.406500131 0.100013345
0.000000 -3.237602949 -2.884097099 3.569129467 -0.680735409 -0.640522897 -0.346307904 0.080004223
0.000000 -3.350905895 -2.922046661 3.593577862 -0.680737793 -0.637740135 -0.350663394 0.083179057
0.000000 -3.441443205 -3.082974911 3.744134903 -0.713073015 -0.499985993 -0.433981597 0.230653152
0.000000 -3.441626072 -3.099829197 3.786588669 -0.725979567 -0.511794806 -0.401969194 0.222352162
0.000000 -3.446342230 -3.105066538 3.799512863 -0.746670783 -0.501238108 -0.382766813 0.211500913
0.000000 -3.455467701 -3.182218075 3.874397278 -0.758984923 -0.494929284 -0.368608922 0.207639888
0.000000 -3.459707975 -3.218729258 3.915094852 -0.765024066 -0.493539274 -0.364032686 0.196563929
0.000000 -3.460046053 -3.339179277 4.033458710 -0.819689453 -0.452423453 -0.292365581 0.194793791
0.000000 -3.467546701 -3.407178879 4.089515209 -0.831409633 -0.440386951 -0.289602727 0.175919771
0.000000 -3.460056782 -3.399663448 4.085430622 -0.814914703 -0.455175549 -0.303193241 0.191841662
0.000000 -3.456608772 -3.397860050 4.068953514 -0.842112720 -0.409878105 -0.283292413 0.206377417
0.000000 -3.446794510 -3.392720699 4.054762363 -0.855445266 -0.377887756 -0.271040767 0.227927953
0.000000 -3.430053234 -3.386777878 4.027730942 -0.877346873 -0.348824710 -0.217733413 0.247337773
0.000000 -3.419692039 -3.377723694 4.001491547 -0.892993033 -0.327817768 -0.165405154 0.260269195
0.000000 -3.412895679 -3.366890430 3.974109650 -0.887861907 -0.332810968 -0.157042891 0.276180446
0.000000 -3.405872583 -3.364154100 3.951883793 -0.892313898 -0.316665173 -0.113664448 0.300964296
0.000000 -3.396115303 -3.364876986 3.919369698 -0.894117594 -0.295856625 -0.065127984 0.329819500
0.000000 -3.395789146 -3.368082523 3.901463985 -0.896293283 -0.275334716 -0.031106940 0.346239120
0.000000 -3.407668591 -3.373449564 3.868920326 -0.896814048 -0.241749674 0.003807183 0.370495856
0.000000 -3.414546490 -3.371957302 3.861114025 -0.892428696 -0.236962795 0.005470847 0.383913815
0.000000 -3.421672821 -3.368656635 3.853470325 -0.891406357 -0.221854404 0.028152617 0.394186139
0.000000 -3.422027349 -3.365005493 3.856301546 -0.884688437 -0.234153539 0.010066709 0.402985245
0.000000 -3.414526939 -3.366243839 3.858037710 -0.892266631 -0.234864235 0.015277098 0.385312408
0.000000 -3.406856060 -3.366866827 3.862937927 -0.894644320 -0.244120985 0.007647091 0.374109685
0.000000 -3.400170803 -3.367293835 3.871263504 -0.889143109 -0.267264873 -0.029435989 0.370307356
0.000000 -3.399889469 -3.370325089 3.863359451 -0.890073061 -0.253695697 -0.000914851 0.378691912
0.000000 -3.401969433 -3.375928402 3.847826719 -0.898828983 -0.226038471 0.041572463 0.373208731
0.000000 -3.404018879 -3.376654148 3.841561079 -0.899798632 -0.218628779 0.056759074 0.373285800
0.000000 -3.408521175 -3.373563290 3.836925030 -0.887250900 -0.218224227 0.054152764 0.402779669
0.000000 -3.406110525 -3.374624729 3.836732864 -0.889177144 -0.230187893 0.027955007 0.394456774
0.000000 -3.414023399 -3.374413490 3.828165770 -0.891585708 -0.207065538 0.068187088 0.396924943
0.000000 -3.429814816 -3.368572712 3.822950125 -0.881068408 -0.209260166 0.051975604 0.420983553
0.000000 -3.427780151 -3.368722916 3.820950270 -0.885581493 -0.204385906 0.063039303 0.412307948
0.000000 -3.426074505 -3.368741989 3.821723223 -0.881577969 -0.218392894 0.028154802 0.417530984
0.000000 -3.430904388 -3.366982460 3.813006401 -0.877653062 -0.204229251 0.062629782 0.429060668
0.000000 -3.439764738 -3.365774632 3.801130295 -0.881267667 -0.182848841 0.110411584 0.421595603
0.000000 -3.446308613 -3.363918781 3.796882868 -0.871827722 -0.178110898 0.115375616 0.441453785
0.000000 -3.449610949 -3.363059998 3.794601440 -0.870553076 -0.177580088 0.114635333 0.444366306
0.000000 -3.452504635 -3.362191200 3.791407824 -0.873112023 -0.176373363 0.115850225 0.439484447
0.000000 -3.456201315 -3.360141754 3.788791418 -0.866470516 -0.182299152 0.106878482 0.452297360
0.000000 -3.460441828 -3.358757973 3.784382343 -0.861618638 -0.201007679 0.134023830 0.446370721
0.000000 -3.468164206 -3.356779575 3.780537605 -0.833008289 -0.256133795 0.181379393 0.455625057
0.000000 -3.466409206 -3.355436087 3.777987480 -0.836485744 -0.271189481 0.141325593 0.454725116
0.000000 -3.469491720 -3.354693413 3.775542974 -0.835652590 -0.260683894 0.170262679 0.452481240
0.000000 -3.473702908 -3.354691982 3.774367809 -0.835695744 -0.255892038 0.191126317 0.446769208
0.000000 -3.475794554 -3.354514837 3.774661541 -0.826627612 -0.261776030 0.197970510 0.457129925
0.000000 -3.475641251 -3.356849432 3.775384665 -0.829239786 -0.272413611 0.171740130 0.456790477
0.000000 -3.475488186 -3.358335495 3.774921417 -0.848468602 -0.275653362 0.173317492 0.417225718
0.000000 -3.480263233 -3.356500626 3.776498795 -0.815316439 -0.262277007 0.197694197 0.476850986
0.000000 -3.479279757 -3.357137680 3.776724815 -0.828516424 -0.271288276 0.178423658 0.456210732
0.000000 -3.478783369 -3.357395411 3.777283669 -0.823523760 -0.278144777 0.159998119 0.467808425
0.000000 -3.479657888 -3.357979059 3.777322292 -0.822473586 -0.279083163 0.158153102 0.469720572
0.000000 -3.482134581 -3.358994961 3.777039528 -0.817477763 -0.278454274 0.162806973 0.477165848
0.000000 -3.484662056 -3.360382080 3.776680470 -0.816746294 -0.276386797 0.176724777 0.474662215
0.000000 -3.487413406 -3.362127066 3.776222229 -0.815780640 -0.279542089 0.181825340 0.472543895
0.000000 -3.490609169 -3.364635229 3.776079893 -0.807819307 -0.289450139 0.191703528 0.476336330
0.000000 -3.493208647 -3.368026018 3.775953293 -0.805540562 -0.309883147 0.185812429 0.469628096
0.000000 -3.496580839 -3.371971369 3.776491642 -0.798958123 -0.312457860 0.207609460 0.470036358
0.000000 -3.498619556 -3.376278877 3.777899504 -0.781769335 -0.365901977 0.224533990 0.452257574
0.000000 -3.501263618 -3.384937763 3.781538010 -0.743689120 -0.439978749 0.263539851 0.428826243
