0.000000 0.000000000 0.000000000 0.000000000 -0.000000000 -0.000000000 -0.000000000 1.000000000
0.000000 0.000998416 -0.123882525 -0.065423563 0.007058667 0.015203368 0.019004183 0.999678910
0.000000 -0.001341363 -0.282361835 -0.117813610 0.009598504 0.026747014 0.041526612 0.998733222
0.000000 -0.000733813 -0.581853569 -0.163205281 0.004909890 0.047160722 0.074008584 0.996129751
0.000000 -0.002665592 -0.652034760 -0.165012345 0.004840981 0.048383974 0.081744023 0.995466471
0.000000 0.001888115 -0.806249440 -0.157244742 0.012445342 0.052189771 0.093648441 0.994158626
0.000000 0.013067981 -0.993694723 -0.104241520 0.008451093 0.055338096 0.106959522 0.992686272
0.000000 0.074120358 -1.214691877 0.047723841 0.005764990 0.075512007 0.121982254 0.989638865
0.000000 0.093338020 -1.278554201 0.095010556 0.008863604 0.080614969 0.126886472 0.988596261
0.000000 0.131798446 -1.414733768 0.191745311 0.015860336 0.088419840 0.136345372 0.986580133
0.000000 0.168113917 -1.551871419 0.291349292 0.021814970 0.092729881 0.144500569 0.984908581
0.000000 0.209069371 -1.685110331 0.380670488 0.022648711 0.103320174 0.152653217 0.982603133
0.000000 0.249633983 -1.810232878 0.470070422 0.022015190 0.116263814 0.167068407 0.978818834
0.000000 0.307275116 -2.059593678 0.640356183 0.017422497 0.138807729 0.197728679 0.970222831
0.000000 0.330833912 -2.196091652 0.713279486 0.015197706 0.147509873 0.210182309 0.966350496
0.000000 0.351429671 -2.410434246 0.819038033 0.006874180 0.155382290 0.219968483 0.963028073
0.000000 0.377575964 -2.887601852 1.108051896 0.030536814 0.152479738 0.224951595 0.961880565
0.000000 0.384972632 -3.010627508 1.231755733 0.041821636 0.154331148 0.223367125 0.961530030
0.000000 0.356216609 -3.276715279 1.515712619 0.025905302 0.154678077 0.224681154 0.961728632
0.000000 0.297064185 -3.517509937 1.720476389 0.010567929 0.166299626 0.216802180 0.961888552
0.000000 0.238146752 -3.785873890 1.878348827 0.028604066 0.206480339 0.284904927 0.935615778
0.000000 0.214973152 -3.849024057 1.913371444 0.023848394 0.214675218 0.283389926 0.934363902
0.000000 0.173574865 -3.929819822 1.959630728 0.020167036 0.222632542 0.276759237 0.934576094
0.000000 0.077191830 -4.024594307 2.018831730 0.026072724 0.235500306 0.267240942 0.934046090
0.000000 -0.175554693 -4.080771923 2.067658186 0.016878212 0.217029393 0.284883350 0.933517456
0.000000 -0.360655427 -4.076649666 2.062937737 -0.010713591 0.206389114 0.295959234 0.932575464
0.000000 -0.489986479 -4.087797642 2.070315361 -0.022702869 0.205429927 0.298721343 0.931691289
0.000000 -0.575967848 -4.138186932 2.125216246 -0.016315818 0.211624488 0.294673890 0.931727529
0.000000 -0.612329364 -4.172657490 2.191435814 -0.020169076 0.205760628 0.302442968 0.930475175
0.000000 -0.554209590 -4.240942955 2.311215878 0.000268150 0.218860894 0.289784938 0.931731999
0.000000 -0.499024868 -4.307316780 2.411213636 0.046368644 0.229305670 0.278899997 0.931388080
0.000000 -0.464919567 -4.309572220 2.442144156 -0.002848399 0.239684612 0.269127071 0.932798922
0.000000 -0.483840704 -4.310023785 2.425476789 -0.007160170 0.237621412 0.269035757 0.933329880
0.000000 -0.530188382 -4.312849045 2.382869482 -0.008014169 0.227163732 0.278844535 0.933047771
0.000000 -0.625289500 -4.314610004 2.429575205 -0.005360949 0.220749393 0.287186474 0.932075560
0.000000 -0.674282432 -4.321022987 2.442101955 -0.004422362 0.219520241 0.288943678 0.931827724
0.000000 -0.885715246 -4.319066048 2.489643335 -0.010455839 0.218653709 0.289474279 0.931818604
0.000000 -1.180691481 -4.337266445 2.542665243 -0.023154739 0.210126042 0.299550384 0.930365801
0.000000 -1.404800534 -4.429573059 2.596628189 -0.026299747 0.204437613 0.307064712 0.929098964
0.000000 -1.458659172 -4.478084564 2.619950771 -0.027921010 0.206308246 0.306126297 0.928947806
0.000000 -1.509788156 -4.604884148 2.685701370 -0.019547785 0.210921332 0.304005921 0.928822160
0.000000 -1.517278433 -4.696643829 2.751017809 -0.010583067 0.211567119 0.304189086 0.928760648
0.000000 -1.510471582 -4.750834942 2.801340342 0.002367310 0.213087544 0.302188635 0.929123342
0.000000 -1.487239599 -4.789840698 2.879736423 0.003025631 0.224930257 0.306681007 0.924848080
0.000000 -1.471953869 -4.671912193 2.887974501 -0.014292434 0.260321498 0.347120374 0.900852859
0.000000 -1.418383360 -4.616109848 2.881024837 -0.013768540 0.292350948 0.375015795 0.879604757
0.000000 -1.377203941 -4.612185001 2.874665499 0.000887105 0.321003199 0.386058331 0.864820898
0.000000 -1.361342907 -4.601418972 2.868730545 0.007309159 0.344773799 0.403507710 0.847501755
0.000000 -1.377032995 -4.565733910 2.843924284 -0.004141508 0.357590139 0.427693218 0.830175102
