0.000000 0.000000000 0.000000000 0.000000000 -0.000000000 -0.000000000 -0.000000000 1.000000000
0.000000 0.003131377 -0.034132816 -0.018670678 0.005388517 0.014099848 0.020350657 0.999678969
0.000000 0.004858123 -0.077744916 -0.032608476 0.006335111 0.024953913 0.043498248 0.998721778
0.000000 0.008361503 -0.160418957 -0.044391792 -0.000955060 0.044491608 0.076641209 0.996065140
0.000000 0.007928961 -0.180066958 -0.045278516 -0.001630031 0.045891501 0.084146164 0.995394766
0.000000 0.009409192 -0.222563356 -0.043046467 0.005021170 0.049925998 0.096394360 0.994077623
0.000000 0.012685478 -0.274640143 -0.029214524 -0.000267107 0.053075925 0.109563448 0.992561758
0.000000 0.034989055 -0.351144314 0.027266674 -0.001356722 0.077441990 0.130267918 0.988448858
0.000000 0.051162388 -0.424380302 0.081421971 0.010646565 0.090731777 0.147795901 0.984789729
0.000000 0.060893387 -0.459963590 0.105901159 0.010844666 0.101759471 0.155166924 0.982573509
0.000000 0.071580946 -0.492890030 0.130461633 0.009458427 0.114464618 0.169678584 0.978783727
0.000000 0.084969103 -0.558010459 0.176781431 0.003625231 0.137274519 0.199571446 0.970213294
0.000000 0.086867779 -0.592303157 0.198440433 0.001597662 0.147548974 0.210585937 0.966374874
0.000000 0.095022708 -0.688434124 0.246982858 -0.012683472 0.150269702 0.224610910 0.962708771
0.000000 0.098695420 -0.775889158 0.305050015 0.016754430 0.152025878 0.224699751 0.962349951
0.000000 0.098619491 -0.834726334 0.362606883 0.029656706 0.157582536 0.219183937 0.962417126
0.000000 0.080423124 -0.915733218 0.450402617 -0.008301252 0.162951887 0.215027630 0.962881565
0.000000 0.060299262 -1.013283253 0.509227514 0.012851636 0.202803433 0.284976751 0.936746418
0.000000 0.044438854 -1.052168727 0.529261827 0.004658671 0.217937872 0.277093261 0.935788810
0.000000 -0.102178887 -1.090466142 0.552353442 -0.025891475 0.202040017 0.294112056 0.933813453
0.000000 -0.136648074 -1.092094421 0.553354323 -0.037324615 0.200853169 0.296643883 0.932881236
0.000000 -0.169535756 -1.115264654 0.586763442 -0.034959886 0.201299965 0.300282240 0.931711733
0.000000 -0.156193167 -1.132346153 0.621659517 -0.013465804 0.214888304 0.288298130 0.933019757
0.000000 -0.140214324 -1.155124903 0.647107840 0.031069616 0.225181758 0.280203402 0.932638168
0.000000 -0.153042093 -1.121534824 0.673184812 -0.007914444 0.238933951 0.261865884 0.935026348
0.000000 -0.204153866 -1.121152043 0.694369733 -0.004726674 0.230106294 0.274854809 0.933532834
0.000000 -0.217758060 -1.121701837 0.699329674 -0.003523068 0.229198381 0.276335955 0.933324218
0.000000 -0.273753166 -1.120922804 0.710191965 -0.009728640 0.228516072 0.276848465 0.933295608
0.000000 -0.351139724 -1.123576880 0.723529279 -0.022473585 0.219785854 0.286380708 0.932295680
0.000000 -0.378478378 -1.131736994 0.729034066 -0.022357421 0.217575043 0.289618701 0.931816638
0.000000 -0.426548034 -1.160941958 0.743366420 -0.028077988 0.216893718 0.292285919 0.930987477
0.000000 -0.444083273 -1.219632745 0.776461780 -0.010822819 0.222075984 0.291454405 0.930386722
0.000000 -0.436793923 -1.245546699 0.802330017 0.011672555 0.227239802 0.287781268 0.930272937
0.000000 -0.436175346 -1.235975742 0.812821984 -0.004045855 0.241927341 0.303834558 0.921487570
0.000000 -0.431430101 -1.212742925 0.811689138 -0.015613056 0.269244343 0.335407168 0.902643800
0.000000 -0.426309466 -1.202547550 0.810820282 -0.019316440 0.284377187 0.350125909 0.892282665
0.000000 -0.417945325 -1.198826790 0.810118198 -0.016186034 0.301114380 0.363140851 0.881587684
0.000000 -0.404021800 -1.196626663 0.807343721 -0.001828157 0.327695459 0.375616699 0.866905093
0.000000 -0.399114251 -1.194528818 0.802144229 0.003679285 0.349927157 0.394458801 0.849670351
0.000000 -0.403027356 -1.183290124 0.794663131 -0.008049438 0.361791432 0.418697685 0.832907200
0.000000 -0.415344357 -1.164852262 0.771680713 -0.034729186 0.386142761 0.476858109 0.788856208
0.000000 -0.410569549 -1.170085430 0.762280524 -0.031606227 0.409344971 0.490499228 0.768666625
0.000000 -0.403182507 -1.175132990 0.751969099 -0.020388739 0.435028434 0.505632818 0.744761705
