0.000000 0.000000000 0.000000000 0.000000000 -0.000000000 -0.000000000 -0.000000000 1.000000000
0.000000 -0.018567072 -0.015291743 0.029959757 -0.014938612 0.007459771 -0.002323045 0.999857903
0.000000 -0.022558363 -0.018534875 0.034495782 -0.017808987 0.008872085 -0.004293326 0.999792814
0.000000 -0.042941034 -0.028462993 0.054908812 -0.016857486 0.013788013 -0.009532797 0.999717414
0.000000 -0.056623466 -0.034161005 0.065048538 -0.016104804 0.012786754 -0.007788507 0.999758244
0.000000 -0.073562197 -0.039005321 0.073657259 -0.015204752 0.011572069 -0.004995522 0.999804974
0.000000 -0.091133311 -0.046221949 0.078427091 -0.016487401 0.010392137 -0.003137247 0.999805152
0.000000 -0.099737667 -0.050064113 0.080538318 -0.017801393 0.009671777 -0.002258431 0.999792218
0.000000 -0.126923412 -0.067300417 0.081209071 -0.019337267 0.009567967 -0.000229765 0.999767244
0.000000 -0.153349817 -0.088668443 0.079101548 -0.017751003 0.008374938 0.003459280 0.999801397
0.000000 -0.168922096 -0.095523208 0.080328658 -0.018525107 0.009833618 0.002816793 0.999776065
0.000000 -0.181470692 -0.099594079 0.084037364 -0.018329274 0.013219408 -0.000327267 0.999744594
0.000000 -0.206961840 -0.101707950 0.092130080 -0.018740594 0.020069400 -0.006515167 0.999601722
0.000000 -0.221880943 -0.102369234 0.094276160 -0.018755449 0.024750061 -0.010586577 0.999461651
0.000000 -0.236952171 -0.106025472 0.095916986 -0.016370488 0.026192944 -0.011761540 0.999453664
0.000000 -0.266388655 -0.108094536 0.096852347 -0.015259328 0.026144234 -0.011667979 0.999473631
0.000000 -0.298377514 -0.109102130 0.095418394 -0.020869963 0.030783597 -0.014549023 0.999202251
0.000000 -0.361033082 -0.109607205 0.094981991 -0.018398415 0.039430849 -0.020505350 0.998842478
0.000000 -0.392194748 -0.109012134 0.095292583 -0.017357375 0.039549548 -0.018679610 0.998892188
0.000000 -0.445138037 -0.105447084 0.096446633 -0.016077816 0.039458644 -0.016056668 0.998962820
0.000000 -0.518574357 -0.097015709 0.097652286 -0.015732875 0.049306795 -0.003706122 0.998652935
0.000000 -0.590209901 -0.076741248 0.105238922 -0.025931250 0.066044293 0.012832311 0.997397125
0.000000 -0.631673574 -0.064231664 0.111297809 -0.034232032 0.064433217 0.016867355 0.997192085
0.000000 -0.706328034 -0.059615038 0.131098598 -0.034471318 0.060889881 0.025070220 0.997233987
0.000000 -0.756647229 -0.063006945 0.151967421 -0.027672661 0.064428970 0.024059432 0.997248352
0.000000 -0.815042973 -0.077501826 0.184949741 -0.024242787 0.065177374 0.026510252 0.997226894
0.000000 -0.871811032 -0.103800714 0.228361100 -0.015133603 0.069538005 0.023056196 0.997197986
0.000000 -0.889396667 -0.118483439 0.245400548 -0.009570333 0.071435146 0.021035332 0.997177482
0.000000 -0.914707839 -0.137844890 0.268143654 0.001120616 0.071528435 0.021531941 0.997205496
0.000000 -0.930673122 -0.148335144 0.280091882 0.000539818 0.076527767 0.017083658 0.996920943
0.000000 -0.969042540 -0.162598372 0.300962746 -0.010136568 0.094216049 -0.001085008 0.995499551
0.000000 -1.005356550 -0.165891767 0.314182997 -0.015205091 0.096720584 -0.001870925 0.995193660
0.000000 -1.081201553 -0.174750477 0.338908553 -0.013112435 0.105651207 -0.004834241 0.994305074
0.000000 -1.098215938 -0.174850509 0.343018055 -0.013333696 0.108433403 -0.006791302 0.993991077
0.000000 -1.137997150 -0.176270932 0.356185585 -0.012033923 0.106725082 -0.003354197 0.994210124
0.000000 -1.182050467 -0.176892787 0.368595153 -0.010559174 0.106678411 -0.000901401 0.994237125
0.000000 -1.252913475 -0.176074401 0.386041641 -0.008886789 0.108336203 0.001168710 0.994073927
0.000000 -1.277017474 -0.174738541 0.393164545 -0.008098927 0.105158292 0.005960747 0.994404674
0.000000 -1.326959014 -0.171127394 0.405787140 -0.012793194 0.101936102 0.012330133 0.994632304
0.000000 -1.351505876 -0.168857634 0.410523742 -0.016369596 0.097946934 0.018123524 0.994891942
0.000000 -1.399300337 -0.165464312 0.421852648 -0.023001183 0.092849232 0.027452156 0.995035887
0.000000 -1.443934917 -0.162332088 0.436884612 -0.018805480 0.092797630 0.029053565 0.995083332
0.000000 -1.480962396 -0.161293983 0.451489359 -0.011041017 0.093165927 0.028680934 0.995176196
0.000000 -1.533213377 -0.156596497 0.471046120 -0.013968016 0.097449705 0.027096285 0.994773507
0.000000 -1.561017632 -0.154237464 0.480382383 -0.017267140 0.099697344 0.025079096 0.994551837
0.000000 -1.745041370 -0.141122043 0.555432498 -0.014808673 0.104913928 0.028126992 0.993973196
0.000000 -1.762506843 -0.135106310 0.555412233 -0.028533177 0.107257634 0.027414804 0.993443608
0.000000 -1.791332245 -0.152874261 0.559092224 -0.002356932 0.107812047 0.024357667 0.993870080
0.000000 -1.795864224 -0.150757939 0.552460253 -0.030221689 0.110471375 0.025905345 0.993081927
0.000000 -1.745761514 -0.162145793 0.550597131 -0.011783989 0.130243540 0.024356823 0.991112769
0.000000 -1.707030177 -0.157868281 0.538608074 -0.014540887 0.147771120 0.031518023 0.988412321
0.000000 -1.696313620 -0.157902271 0.536416471 -0.014233571 0.152875140 0.025556447 0.987812459
0.000000 -1.687833428 -0.160049573 0.536155045 -0.016947197 0.152449697 0.026169794 0.987819314
0.000000 -1.685411453 -0.169027239 0.537370324 -0.014594279 0.152966887 0.023874532 0.987835109
0.000000 -1.696393728 -0.190413103 0.546528220 -0.004990508 0.137534156 0.041313544 0.989622474
0.000000 -1.702771664 -0.210791290 0.547960222 0.010824402 0.135309234 0.042678401 0.989824653
0.000000 -1.700401187 -0.215564027 0.519471645 -0.021096246 0.136789456 0.043922335 0.989401042
0.000000 -1.687193036 -0.233445510 0.525489867 0.002059075 0.138172105 0.039349511 0.989624083
0.000000 -1.682128787 -0.238814920 0.521412790 -0.002986477 0.136088565 0.041641209 0.989816666
0.000000 -1.636640549 -0.208363593 0.476012468 -0.019608859 0.184453890 0.090351112 0.978482962
0.000000 -1.620392323 -0.200071201 0.456241965 0.000394086 0.184752941 0.087047912 0.978922307
0.000000 -1.612782836 -0.197389156 0.451699436 0.001011508 0.194430381 0.075809143 0.977982044
0.000000 -1.610143185 -0.190038323 0.449030101 0.001394356 0.199579701 0.068937205 0.977452636
0.000000 -1.638278127 -0.176373020 0.448632985 -0.008383353 0.179604679 0.093853801 0.979215682
0.000000 -1.659068942 -0.170608491 0.447423905 -0.027688263 0.177213728 0.099207416 0.978767931
0.000000 -1.665297389 -0.195666969 0.461974591 0.006900900 0.178351775 0.094265811 0.979416668
0.000000 -1.663480282 -0.203977153 0.472255945 -0.001317049 0.201691091 0.069300137 0.976993620
0.000000 -1.676808357 -0.205990255 0.481105447 -0.006108801 0.201389417 0.069547743 0.977020025
0.000000 -1.690971851 -0.205874696 0.490044147 -0.009500134 0.199746847 0.072083756 0.977146268
0.000000 -1.719820619 -0.209495947 0.508615315 -0.007968190 0.193803698 0.080129161 0.977730036
0.000000 -1.750393867 -0.213953599 0.529164195 -0.007125040 0.193858042 0.082158118 0.977557361
0.000000 -1.782152653 -0.219679639 0.553949177 -0.002032482 0.194736809 0.082884714 0.977345169
0.000000 -1.816993475 -0.226553112 0.577629030 0.001534477 0.193919182 0.084272839 0.977389932
0.000000 -1.839941859 -0.228992239 0.594566941 0.002974399 0.193270668 0.085923463 0.977371335
0.000000 -1.891154289 -0.236490875 0.621918142 0.001273384 0.196206793 0.086523555 0.976736903
0.000000 -1.927268982 -0.241563022 0.642325282 -0.000282205 0.201275468 0.083252825 0.975990355
0.000000 -1.963910580 -0.244696304 0.659467340 -0.005116546 0.207381248 0.079192467 0.975036085
0.000000 -1.975711465 -0.246103033 0.667136848 -0.004926732 0.210026428 0.077191561 0.974631310
0.000000 -2.017470598 -0.251359254 0.688273966 -0.000684444 0.215173542 0.073700108 0.973790646
0.000000 -2.063058138 -0.253315717 0.714109004 -0.000240428 0.215995431 0.075416625 0.973477423
0.000000 -2.094513655 -0.254100889 0.733416498 -0.000177250 0.218200281 0.074674495 0.973042846
0.000000 -2.130547762 -0.256966233 0.749442220 0.000890009 0.218365461 0.077600695 0.972776413
0.000000 -2.166351080 -0.260431170 0.764871001 0.000822200 0.218705460 0.079242498 0.972567677
0.000000 -2.202002764 -0.264780790 0.777810156 -0.001150867 0.217790425 0.083296433 0.972433925
0.000000 -2.238960028 -0.271521479 0.790293097 0.000296561 0.216269523 0.086883634 0.972460091
0.000000 -2.274857283 -0.277693272 0.801581502 0.002294705 0.217305884 0.087555096 0.972166121
0.000000 -2.323512077 -0.286809564 0.817842066 0.003732028 0.220713198 0.085605100 0.971567571
0.000000 -2.356390953 -0.291681379 0.826310575 0.005801248 0.222765803 0.084737331 0.971164942
0.000000 -2.405391693 -0.295507163 0.838797987 0.002386306 0.217756107 0.094372720 0.971427023
0.000000 -2.435770512 -0.293499023 0.846056104 -0.009453049 0.215679258 0.100897618 0.971191406
0.000000 -2.458997011 -0.294650644 0.852725327 -0.011674565 0.217421204 0.100651912 0.970804274
0.000000 -2.501820326 -0.298674375 0.869088411 -0.028909883 0.222318366 0.100110285 0.969389856
0.000000 -2.515341282 -0.312569708 0.885641336 -0.024969660 0.225083694 0.098747700 0.969000936
0.000000 -2.521959305 -0.347147584 0.927297950 -0.002864145 0.249609247 0.070392638 0.965780437
0.000000 -2.536646366 -0.357883185 0.963238060 -0.001453927 0.249666810 0.069284402 0.965848863
0.000000 -2.556861877 -0.362384439 0.992826998 -0.001609394 0.246195361 0.073352404 0.966439188
0.000000 -2.568996668 -0.362518489 1.012948275 -0.006414354 0.247035205 0.072725438 0.966252267
0.000000 -2.581138611 -0.363037646 1.030639410 -0.014614097 0.250040859 0.071839392 0.965455890
0.000000 -2.595299721 -0.368898988 1.051332116 -0.014804323 0.252089500 0.071846105 0.964919627
0.000000 -2.611999512 -0.377655566 1.074766040 -0.005897303 0.254274428 0.070363179 0.964551091
0.000000 -2.628094673 -0.386820287 1.097426295 0.002884395 0.254803628 0.069232963 0.964506924
0.000000 -2.656291246 -0.400312990 1.130903363 0.015223523 0.254014879 0.070897967 0.964478195
0.000000 -2.674441814 -0.406240851 1.151023626 0.021341130 0.255627215 0.069430433 0.964042962
0.000000 -2.696405411 -0.408100933 1.167523384 0.017002665 0.259351552 0.068095356 0.963229299
0.000000 -2.731763363 -0.405966133 1.188938379 0.014457799 0.261820436 0.067205206 0.962665319
0.000000 -2.755882263 -0.404546171 1.201562643 0.013892651 0.265331000 0.064822510 0.961875558
0.000000 -2.783483267 -0.400709450 1.214296460 0.012456731 0.266342968 0.066067986 0.961530745
0.000000 -2.813316107 -0.394586265 1.224367857 0.007212018 0.267399222 0.067628473 0.961182654
0.000000 -2.841649055 -0.385697007 1.234274268 -0.001344577 0.275585741 0.060443949 0.959373355
0.000000 -2.890739679 -0.374990255 1.252195120 -0.007885628 0.283260018 0.057073578 0.957310975
0.000000 -2.946879625 -0.369653523 1.277366996 -0.007839628 0.285966188 0.058877509 0.956397116
0.000000 -2.985317707 -0.366510183 1.297457576 -0.007194314 0.291035116 0.055630736 0.955066502
0.000000 -3.004817486 -0.364958137 1.307370186 -0.007046394 0.294172943 0.052643932 0.954275250
0.000000 -3.071023226 -0.364374787 1.342489839 -0.004868619 0.299366087 0.051221035 0.952750087
0.000000 -3.094165087 -0.365146279 1.356258512 -0.004532394 0.300142348 0.051952057 0.952467859
0.000000 -3.165899515 -0.367451429 1.394331813 -0.006798620 0.312401921 0.042742357 0.948963642
0.000000 -3.219152451 -0.367896080 1.424156666 -0.011367205 0.329956412 0.028245257 0.943505049
0.000000 -3.282144308 -0.370029211 1.459912539 -0.010517435 0.329314470 0.034775343 0.943521082
0.000000 -3.318393230 -0.371374041 1.483808637 -0.004972478 0.317305624 0.051838581 0.946892381
0.000000 -3.397349358 -0.374108970 1.534594417 0.010152394 0.282860726 0.097984634 0.954088986
0.000000 -3.468801022 -0.386092216 1.559475303 0.014705740 0.267134488 0.121966414 0.955796599
0.000000 -3.512667418 -0.390935510 1.586827874 0.018048707 0.271845758 0.119826078 0.954681039
0.000000 -3.584879398 -0.400723994 1.613191605 0.007894164 0.294560522 0.098465510 0.950513721
0.000000 -3.624483824 -0.402306587 1.616598606 -0.001391778 0.307433933 0.085626364 0.947708070
0.000000 -3.732795238 -0.427043736 1.574669361 0.000883809 0.333966404 0.101450942 0.937109113
0.000000 -3.782574177 -0.447708964 1.579080105 0.006658049 0.365385324 0.115920410 0.923586369
0.000000 -3.865354061 -0.462479740 1.617194653 0.025356106 0.414026648 0.178536803 0.892224014
0.000000 -3.871078730 -0.459312052 1.623451114 0.026511218 0.429659605 0.183574408 0.883736491
0.000000 -3.889836311 -0.444063842 1.648790836 0.029978894 0.458686501 0.204677120 0.864184797
0.000000 -3.897101402 -0.443622530 1.657358885 0.029466655 0.463859439 0.207613945 0.860733747
0.000000 -3.905447006 -0.444165766 1.667460680 0.029155253 0.468021274 0.209482670 0.858034432
0.000000 -3.910409927 -0.445411026 1.672704339 0.031039245 0.468808740 0.213829711 0.856464684
0.000000 -3.926289320 -0.450995117 1.690848708 0.035006657 0.477207899 0.229051352 0.847692609
0.000000 -3.937194347 -0.456745833 1.703633308 0.037001833 0.485162735 0.239495307 0.840172589
0.000000 -3.948198557 -0.463109046 1.716666460 0.038281992 0.492848724 0.247952566 0.833159149
0.000000 -3.968581200 -0.475141048 1.750915408 0.047523975 0.504970372 0.268228948 0.819023609
0.000000 -3.978618383 -0.482403338 1.770380974 0.052078757 0.508343518 0.277193367 0.813657522
0.000000 -3.987753153 -0.490314960 1.789278388 0.057709146 0.510109842 0.286505431 0.808932781
0.000000 -3.991969585 -0.494167864 1.797470808 0.063217752 0.510201752 0.295395762 0.805257142
0.000000 -3.996117830 -0.498145044 1.806149960 0.067395113 0.512774587 0.304692656 0.799801528
0.000000 -4.004290581 -0.503609657 1.819793463 0.072787486 0.521392584 0.322010368 0.786867917
0.000000 -4.020538807 -0.513869047 1.842378139 0.072506309 0.555617750 0.338292718 0.756035566
0.000000 -4.025558472 -0.517302155 1.849576235 0.072186381 0.571305871 0.341242552 0.742935002
0.000000 -4.029261589 -0.520248771 1.852107286 0.073840499 0.576317966 0.345664293 0.736832023
0.000000 -4.057981014 -0.543559790 1.878042936 0.096585050 0.594901264 0.404925585 0.687603891
0.000000 -4.062838554 -0.547226667 1.879533410 0.096149981 0.601142108 0.409961581 0.679201603
0.000000 -4.073722363 -0.552215576 1.880796432 0.092805721 0.615504205 0.417892605 0.661745727
0.000000 -4.085027218 -0.556777477 1.881557941 0.085397795 0.628564596 0.423831314 0.646514297
0.000000 -4.108199120 -0.578678846 1.913356066 0.109057523 0.622894943 0.466194630 0.618684828
0.000000 -4.116048813 -0.579076290 1.915345669 0.088953517 0.631251633 0.465805978 0.613704681
0.000000 -4.115044117 -0.579722166 1.913483381 0.074919723 0.642256498 0.456184238 0.611383438
0.000000 -4.099024773 -0.589441299 1.915740252 0.084755182 0.648290694 0.447377414 0.610237002
0.000000 -4.073963165 -0.613385916 1.930529833 0.084909745 0.650712311 0.445227146 0.609209836
0.000000 -4.043913364 -0.645665884 1.960161448 0.095394589 0.642599583 0.456929445 0.607602775
0.000000 -4.023717403 -0.664800406 1.977785349 0.101399727 0.645019531 0.462274224 0.599975407
0.000000 -4.016446114 -0.670684338 1.983888149 0.104716286 0.648112357 0.463841289 0.594841242
0.000000 -3.996633530 -0.690142155 2.000173330 0.118743174 0.647602320 0.477587372 0.581740141
0.000000 -3.978319883 -0.705380678 2.014044285 0.124517895 0.648403704 0.488019258 0.570881009
0.000000 -3.958148479 -0.719710827 2.023602724 0.121736050 0.661246181 0.483915776 0.560142279
0.000000 -3.961653709 -0.730782509 2.038491011 0.103481494 0.689592063 0.520172477 0.493127704
0.000000 -3.970472336 -0.732052565 2.046817303 0.090749063 0.695538461 0.515963078 0.491704136
0.000000 -3.967131853 -0.736816406 2.055032492 0.098064616 0.693271756 0.517085433 0.492321283
0.000000 -3.956773758 -0.747784853 2.069405317 0.108887985 0.694027901 0.516975105 0.489086330
0.000000 -3.943846226 -0.761892319 2.085503817 0.111817382 0.698121905 0.519942403 0.479356408
0.000000 -3.923094749 -0.786733866 2.110688686 0.110666350 0.696022630 0.523435712 0.478874207
0.000000 -3.895308971 -0.815491199 2.138588190 0.117216550 0.694007635 0.524536431 0.479035705
0.000000 -3.856950998 -0.854249716 2.170476675 0.143142581 0.678532541 0.534046352 0.483630359
0.000000 -3.839181423 -0.870638847 2.179841995 0.143338859 0.681608737 0.530964196 0.482639134
0.000000 -3.831035376 -0.878726721 2.181988716 0.139608786 0.687128305 0.526186466 0.481135994
0.000000 -3.822115183 -0.886029482 2.183651686 0.129600883 0.691413999 0.523571849 0.480648339
0.000000 -3.814066172 -0.894078970 2.181030989 0.130950898 0.693915546 0.520527124 0.479984045
0.000000 -3.811871290 -0.896499872 2.180857897 0.131374389 0.694267392 0.520039380 0.479888290
0.000000 -3.806496859 -0.902667999 2.177039862 0.131842494 0.690857828 0.524363816 0.479974568
0.000000 -3.810603380 -0.862990856 2.156620026 0.129340827 0.693269610 0.522579730 0.479122728
0.000000 -3.814683676 -0.851921320 2.151081085 0.122294858 0.694605708 0.522695184 0.478911906
0.000000 -3.819738150 -0.839010954 2.142224073 0.126752630 0.691810310 0.524164677 0.480191261
0.000000 -3.827076435 -0.822134972 2.125772715 0.126010120 0.686760366 0.530175149 0.481036305
0.000000 -3.830652952 -0.808632851 2.108996630 0.125660092 0.691940725 0.525002837 0.479374170
0.000000 -3.831276417 -0.801163912 2.096623182 0.125712991 0.695034087 0.519040167 0.481374294
0.000000 -3.834867477 -0.790258646 2.079961061 0.124071985 0.693755269 0.507404029 0.495833576
0.000000 -3.845107079 -0.779773474 2.054695845 0.130186081 0.688664675 0.498106360 0.510570884
0.000000 -3.864801168 -0.773262978 2.036362410 0.123324342 0.685065091 0.494723737 0.520312786
0.000000 -3.910162449 -0.760934114 2.007382870 0.107734181 0.672221601 0.490690112 0.543814957
0.000000 -3.927759647 -0.754668236 1.994904995 0.111970738 0.670114458 0.481839299 0.553389728
0.000000 -3.937205791 -0.749809265 1.986210108 0.115394495 0.672193110 0.467721701 0.562207341
0.000000 -3.957260370 -0.740335703 1.984972715 0.109779477 0.661857188 0.451093733 0.588564336
0.000000 -4.008465767 -0.720386028 2.000627279 0.090833545 0.629848421 0.420782208 0.646515727
0.000000 -4.041172028 -0.715182900 2.010590553 0.085295103 0.610684097 0.401608229 0.677126646
0.000000 -4.059896469 -0.713628292 2.016053200 0.077659912 0.601142824 0.386921048 0.694901705
0.000000 -4.083621025 -0.711633325 2.023345947 0.071876988 0.587940097 0.369855553 0.715798199
0.000000 -4.099218369 -0.710969090 2.030076504 0.068403780 0.579827964 0.358811289 0.728268445
0.000000 -4.116491318 -0.708633423 2.040684462 0.060347162 0.566867352 0.340310812 0.747802317
0.000000 -4.140145302 -0.710891545 2.068841457 0.063874938 0.543138504 0.299746215 0.781711459
0.000000 -4.150164127 -0.711755931 2.077311039 0.067007191 0.541573048 0.294258595 0.784614921
0.000000 -4.195060730 -0.691411734 2.098143578 0.061136454 0.540194035 0.296127766 0.785341382
0.000000 -4.221501350 -0.675696433 2.106322289 0.057582650 0.540426850 0.297353446 0.784986556
0.000000 -4.241157532 -0.665389836 2.110022306 0.059596404 0.540296316 0.297497302 0.784871638
0.000000 -4.262895584 -0.653183937 2.112452984 0.048861887 0.544923365 0.295041203 0.783340216
0.000000 -4.282629967 -0.643097103 2.115789652 0.039055422 0.550051808 0.290990978 0.781819701
0.000000 -4.299918175 -0.639592767 2.127150536 0.041329749 0.549850285 0.291264802 0.781742513
0.000000 -4.320420265 -0.640370905 2.147812605 0.035385802 0.557796955 0.282812804 0.779504538
0.000000 -4.342097282 -0.651729643 2.186184168 0.034007337 0.560540140 0.281092823 0.778219163
0.000000 -4.363980770 -0.683250129 2.237838030 0.062254116 0.552889645 0.284883976 0.780562997
0.000000 -4.376759529 -0.697399199 2.263870478 0.068022557 0.550900221 0.286234617 0.780993998
0.000000 -4.384655952 -0.704012275 2.276881456 0.068519868 0.549908280 0.287798375 0.781075001
0.000000 -4.410472870 -0.719500482 2.315387487 0.067325614 0.549048185 0.291202068 0.780522048
0.000000 -4.428349495 -0.727155149 2.341083765 0.065489464 0.549587250 0.292241752 0.779910088
0.000000 -4.437130928 -0.730770767 2.353239536 0.064788997 0.549930692 0.292500973 0.779629350
0.000000 -4.446141243 -0.733137965 2.364606619 0.065249681 0.550178289 0.292813122 0.779298902
0.000000 -4.474824905 -0.739186764 2.399891615 0.058289066 0.549163520 0.297815114 0.778670669
0.000000 -4.510001183 -0.745361567 2.441460133 0.050337464 0.545752525 0.306464046 0.778267384
0.000000 -4.522317886 -0.749473453 2.459803820 0.051618300 0.544323206 0.308821172 0.778252721
0.000000 -4.531370163 -0.751860857 2.475106716 0.047617517 0.546311915 0.308259279 0.777336538
0.000000 -4.538015366 -0.758777499 2.491780281 0.048474599 0.556085765 0.296407789 0.774958909
0.000000 -4.548007965 -0.782422483 2.540366411 0.049725730 0.557043076 0.298762798 0.773285985
0.000000 -4.548220634 -0.788809836 2.553283215 0.054164831 0.552798927 0.303208292 0.774302363
0.000000 -4.545080185 -0.795243680 2.564322233 0.059658028 0.558394969 0.295758247 0.772763252
0.000000 -4.545821190 -0.807390690 2.586563349 0.058843777 0.566512227 0.286984205 0.770221710
0.000000 -4.560040951 -0.818315208 2.598109722 0.042912416 0.570537210 0.286296010 0.768557370
0.000000 -4.565382957 -0.829693794 2.611387968 0.052834500 0.571317792 0.284188241 0.768141627
0.000000 -4.579518795 -0.842243075 2.631715298 0.046884567 0.572203040 0.285414815 0.767413855
0.000000 -4.587433338 -0.850258648 2.643749475 0.048613183 0.571083069 0.287855893 0.767228723
0.000000 -4.595318317 -0.857152700 2.656613827 0.044964224 0.573184490 0.286042213 0.766562283
0.000000 -4.599878311 -0.860750794 2.662764072 0.042285919 0.575902820 0.282805324 0.765877962
0.000000 -4.607971668 -0.867868662 2.678382397 0.039391682 0.578516185 0.280754715 0.764816403
0.000000 -4.634514809 -0.896694064 2.753075123 0.052608043 0.562668562 0.301040560 0.768121779
0.000000 -4.638240814 -0.902320087 2.762758493 0.056217287 0.560530722 0.303800374 0.768342555
0.000000 -4.640412807 -0.906982422 2.771409988 0.057630856 0.559304655 0.305005014 0.768654048
0.000000 -4.644778728 -0.914868236 2.786361694 0.055993203 0.561142743 0.303805232 0.767910123
0.000000 -4.647959709 -0.923128784 2.797047615 0.054991793 0.564589202 0.300885230 0.766604960
0.000000 -4.653037071 -0.934375703 2.809179306 0.055199206 0.564231813 0.302141339 0.766359031
0.000000 -4.655811310 -0.942783296 2.816626549 0.049087621 0.571738362 0.294615954 0.764138103
0.000000 -4.661977768 -0.958187163 2.827852726 0.042550322 0.578709543 0.289387047 0.761275172
0.000000 -4.663426876 -0.961443424 2.830253124 0.040217187 0.579655170 0.288946748 0.760849774
0.000000 -4.666603088 -0.969114065 2.837036610 0.037988786 0.580802858 0.288712054 0.760177791
0.000000 -4.671217918 -0.985677898 2.855500698 0.040228330 0.580552459 0.289088130 0.760110855
0.000000 -4.671228886 -0.988810360 2.862663269 0.042001341 0.580545008 0.288458288 0.760259926
0.000000 -4.676968575 -1.011794329 2.885410309 0.049683224 0.577957213 0.295810372 0.758942246
0.000000 -4.684609413 -1.028488636 2.898273230 0.053269871 0.582249045 0.308383316 0.750365317
0.000000 -4.690943718 -1.044150591 2.908802271 0.064671561 0.588647723 0.332281649 0.734098375
0.000000 -4.692992210 -1.052116632 2.911644459 0.073307671 0.604362845 0.350631416 0.711638331
0.000000 -4.697381020 -1.046469927 2.916270018 0.088866398 0.652592540 0.393480092 0.641404033
0.000000 -4.707901955 -1.062126160 2.895307779 0.064126953 0.666767299 0.380336255 0.637693822
0.000000 -4.704128265 -1.070342779 2.895989895 0.072113082 0.665493429 0.386194766 0.634643078
0.000000 -4.700852394 -1.079229355 2.904291153 0.074521288 0.666878819 0.394114316 0.628007233
0.000000 -4.697711945 -1.086377144 2.910680771 0.078979343 0.670296669 0.401659369 0.618978500
0.000000 -4.693550110 -1.099014044 2.922673941 0.086126477 0.677865148 0.413819015 0.601527154
0.000000 -4.689290047 -1.108392715 2.931382418 0.091917001 0.680644751 0.423916668 0.590397060
0.000000 -4.682492256 -1.124748707 2.949548960 0.113359921 0.689964950 0.458738208 0.548322141
0.000000 -4.675862789 -1.131531715 2.956781864 0.123848408 0.707290828 0.478934765 0.504997909
0.000000 -4.675475121 -1.141567707 2.972391605 0.136022210 0.732363284 0.514618337 0.424629211
0.000000 -4.679846764 -1.125084400 2.980785847 0.134002924 0.730177641 0.517419875 0.425629586
0.000000 -4.683035851 -1.115751743 2.978337288 0.129940018 0.731015861 0.517092645 0.425848126
0.000000 -4.689438343 -1.089151144 2.964400291 0.088119261 0.751919389 0.502017856 0.418127120
0.000000 -4.672524452 -1.096041203 2.974746704 0.114405371 0.738999248 0.511873722 0.422820032
0.000000 -4.654103756 -1.102817774 2.985202789 0.113320000 0.742449462 0.508604944 0.421008736
0.000000 -4.633810997 -1.115597486 2.997032166 0.121754088 0.744852602 0.504089653 0.419838250
0.000000 -4.616024017 -1.137425184 3.008536339 0.126870438 0.736837924 0.513018847 0.421646148
0.000000 -4.593204975 -1.165716410 3.019384384 0.125617132 0.734786689 0.515071869 0.423095524
0.000000 -4.574531555 -1.185457706 3.022830009 0.127383545 0.740920424 0.507948220 0.420474708
0.000000 -4.557257652 -1.204229355 3.027723789 0.131426156 0.737927914 0.510755539 0.421091855
0.000000 -4.542288303 -1.219376802 3.033674717 0.129999071 0.732056797 0.518362939 0.422484219
0.000000 -4.520339012 -1.229847908 3.035549641 0.135378629 0.746500194 0.499486834 0.418237895
0.000000 -4.510206223 -1.237811804 3.043134212 0.139906734 0.746762872 0.498397887 0.417577416
0.000000 -4.508122444 -1.244240522 3.060998917 0.139384374 0.745699525 0.516626537 0.396990210
0.000000 -4.510460377 -1.246269464 3.074872017 0.141497597 0.746479392 0.525884748 0.382350892
0.000000 -4.529955864 -1.230666161 3.113321304 0.116413169 0.759607732 0.529532969 0.359219819
0.000000 -4.529907227 -1.228508949 3.121557713 0.117888257 0.761699259 0.527029932 0.357988745
0.000000 -4.526663303 -1.227506638 3.132048607 0.130333066 0.759632528 0.534612596 0.346642762
0.000000 -4.517514229 -1.228758812 3.155524731 0.151866898 0.760416031 0.557391882 0.296678692
0.000000 -4.517513752 -1.196225643 3.147175312 0.146776184 0.770244777 0.567191958 0.251938760
0.000000 -4.504340649 -1.180941582 3.129995823 0.161172926 0.775290251 0.556747556 0.250959247
0.000000 -4.507834911 -1.161350727 3.122784615 0.150036901 0.769836485 0.566576242 0.252650112
0.000000 -4.508281708 -1.160589218 3.120318413 0.148075372 0.771036386 0.565736890 0.252028465
0.000000 -4.481461048 -1.154804707 3.131775379 0.159509391 0.771626770 0.562631249 0.250190109
0.000000 -4.467082977 -1.149675369 3.143344402 0.156328931 0.766238332 0.570030391 0.252002895
0.000000 -4.459569931 -1.149478912 3.141037464 0.160396218 0.770774961 0.562856436 0.251737535
0.000000 -4.454462051 -1.148618937 3.180023670 0.153421417 0.771538615 0.564305007 0.250499278
0.000000 -4.454332352 -1.147707939 3.195879459 0.151771799 0.773281574 0.562902689 0.249281973
0.000000 -4.466128826 -1.164417505 3.221953869 0.155916050 0.770145357 0.565588415 0.250351906
0.000000 -4.473885536 -1.175784826 3.220767021 0.161473617 0.768186212 0.566579759 0.250606507
0.000000 -4.493292809 -1.201160192 3.216119766 0.144942954 0.772478640 0.566232204 0.248293132
0.000000 -4.489171982 -1.211838722 3.216980457 0.159825236 0.771484077 0.567879915 0.238286853
0.000000 -4.482574463 -1.222699404 3.220059395 0.160893098 0.772172213 0.581739664 0.198601350
0.000000 -4.466598034 -1.223947287 3.220310688 0.162635654 0.774026155 0.581423998 0.190733567
0.000000 -4.455380440 -1.223135471 3.220327377 0.154708490 0.776692390 0.580670893 0.188773781
0.000000 -4.436688423 -1.223380327 3.220480919 0.155307516 0.776539743 0.580604196 0.189114630
0.000000 -4.417098999 -1.226765156 3.220410824 0.159896865 0.775113106 0.581193984 0.189331070
0.000000 -4.396916866 -1.230152845 3.217280388 0.163298130 0.774328291 0.581603825 0.188378438
0.000000 -4.376523972 -1.232280493 3.215780735 0.157180190 0.773475111 0.584367990 0.188533038
0.000000 -4.345345497 -1.235087872 3.208190918 0.152929410 0.779166460 0.578883886 0.185487732
0.000000 -4.336893559 -1.236868143 3.206427574 0.152210638 0.780339420 0.577710867 0.184803769
0.000000 -4.297030449 -1.242092848 3.200510979 0.158351436 0.778167903 0.578998029 0.184772283
0.000000 -4.268253326 -1.256905556 3.194522858 0.159747973 0.777371347 0.579926372 0.184010372
0.000000 -4.240369320 -1.271348000 3.187112808 0.158992752 0.776668072 0.581001103 0.184244066
0.000000 -4.212854862 -1.286425114 3.180359840 0.156380281 0.776795030 0.581986308 0.182829529
0.000000 -4.177183628 -1.310634613 3.168446064 0.155519411 0.776839197 0.582602262 0.181408748
0.000000 -4.152185917 -1.330131531 3.159497738 0.154597208 0.777632713 0.582090259 0.180438340
0.000000 -4.127308846 -1.349220753 3.149899006 0.151650235 0.780388236 0.579590440 0.179084703
0.000000 -4.096536636 -1.375996351 3.140706062 0.144215554 0.782684207 0.581364095 0.169183671
0.000000 -4.066408634 -1.391407490 3.144348145 0.159507766 0.778795719 0.586957395 0.153347999
0.000000 -4.030208588 -1.403257370 3.156210423 0.186209187 0.771397054 0.597374141 0.115831099
0.000000 -4.020073414 -1.408311844 3.163902760 0.186200127 0.768503308 0.604148149 0.098677255
0.000000 -4.010628700 -1.411578655 3.176387787 0.174032331 0.769789517 0.610116065 0.069966123
0.000000 -4.005623341 -1.422595263 3.180733919 0.167033419 0.772604942 0.611339211 0.038024120
0.000000 -4.001086235 -1.434137464 3.182562113 0.176067919 0.767472267 0.616220891 0.016072907
0.000000 -3.990954876 -1.456102848 3.186079502 -0.171075299 -0.762489319 -0.623675346 0.019297006
0.000000 -3.971364021 -1.473619223 3.188367605 -0.173911959 -0.753339231 -0.631807268 0.055265058
0.000000 -3.955977917 -1.482968211 3.184004307 -0.178482458 -0.748138666 -0.634167552 0.079146214
0.000000 -3.940858841 -1.491769552 3.174882412 -0.183591336 -0.744946957 -0.632666767 0.105266608
0.000000 -3.924802303 -1.500025868 3.164277077 -0.189577386 -0.739020288 -0.633637905 0.128110990
0.000000 -3.910017967 -1.507418036 3.152489424 -0.189637288 -0.732997298 -0.635826170 0.149925783
0.000000 -3.896424770 -1.512989044 3.139134884 -0.185352564 -0.728753746 -0.636291802 0.172322944
0.000000 -3.882580757 -1.518787146 3.121636868 -0.180774570 -0.724542737 -0.635573506 0.195971146
0.000000 -3.859944344 -1.524427414 3.097741127 -0.182867870 -0.715449393 -0.636696219 0.222057417
0.000000 -3.844280243 -1.523523331 3.084120274 -0.182697117 -0.714580595 -0.634177685 0.231980652
0.000000 -3.818837643 -1.520287991 3.066372633 -0.185512856 -0.713436425 -0.634650111 0.231975675
0.000000 -3.790210724 -1.516697049 3.048435211 -0.186889663 -0.713773131 -0.633635581 0.232607290
0.000000 -3.754208565 -1.511687160 3.023965359 -0.190554410 -0.710729420 -0.635778248 0.233106762
0.000000 -3.728934288 -1.506587625 3.004991531 -0.192727089 -0.709309995 -0.636729240 0.233048216
0.000000 -3.696637154 -1.499477386 2.973366976 -0.192712292 -0.710936546 -0.634407997 0.234430879
0.000000 -3.677196503 -1.493983030 2.947712898 -0.194024488 -0.712201178 -0.632207930 0.235450923
0.000000 -3.659371853 -1.489221454 2.915457964 -0.195695654 -0.714622736 -0.628261983 0.237285644
0.000000 -3.648034573 -1.487387538 2.882573366 -0.184365585 -0.712682247 -0.633732021 0.237649143
0.000000 -3.642099380 -1.483563066 2.849383116 -0.175420359 -0.720778763 -0.625664294 0.241350055
0.000000 -3.613876820 -1.489782929 2.819018602 -0.164660051 -0.712822735 -0.637503564 0.241578147
0.000000 -3.543935299 -1.496410251 2.761271238 -0.164190546 -0.712112248 -0.637735307 0.243374750
0.000000 -3.483221054 -1.496077299 2.710448265 -0.169056281 -0.714391053 -0.633381426 0.244731247
0.000000 -3.455130100 -1.496107697 2.689235687 -0.168662354 -0.716583669 -0.630618453 0.245725870
0.000000 -3.379947662 -1.493420720 2.652416945 -0.189000234 -0.714892507 -0.626458287 0.246490747
0.000000 -3.348941803 -1.489557981 2.641864061 -0.196883723 -0.716135383 -0.622351944 0.247113287
0.000000 -3.333141327 -1.486299038 2.643231630 -0.194850951 -0.717013061 -0.622131586 0.246733993
0.000000 -3.287480354 -1.483783364 2.668337584 -0.180479035 -0.707184076 -0.630054474 0.265234530
0.000000 -3.273552895 -1.494063735 2.688376188 -0.198437110 -0.679056585 -0.620505631 0.338345647
0.000000 -3.275207043 -1.501018643 2.701777458 -0.181214035 -0.672835290 -0.627621114 0.347197205
0.000000 -3.274406433 -1.505244732 2.711018801 -0.171885207 -0.672355354 -0.631021202 0.346707404
0.000000 -3.270691872 -1.509944081 2.709105492 -0.159537926 -0.671891570 -0.633834422 0.348372370
0.000000 -3.235412598 -1.502395391 2.665758133 -0.167907104 -0.671819687 -0.632202625 0.347541898
0.000000 -3.220491409 -1.497068882 2.639782429 -0.167110875 -0.673948050 -0.629654109 0.348430276
0.000000 -3.196339130 -1.485998392 2.597924471 -0.174332529 -0.676840842 -0.623355806 0.350602597
0.000000 -3.176243305 -1.476209998 2.567502022 -0.183334723 -0.673201978 -0.624580860 0.350836486
0.000000 -3.159392834 -1.465069175 2.536893845 -0.197588891 -0.673306823 -0.620757878 0.349680126
0.000000 -3.151680946 -1.441615939 2.482648849 -0.183997378 -0.683797657 -0.611590564 0.352877706
0.000000 -3.150184631 -1.435773730 2.471996784 -0.178024337 -0.676565409 -0.621021211 0.353410870
0.000000 -3.151596069 -1.426888466 2.466891766 -0.165300518 -0.677927732 -0.622986853 0.353521049
0.000000 -3.148458958 -1.422186375 2.460963726 -0.156828269 -0.675544500 -0.627358019 0.354212433
0.000000 -3.131822109 -1.416159034 2.441977978 -0.164309666 -0.676945686 -0.623504519 0.354949296
0.000000 -3.115998745 -1.410319924 2.431194067 -0.168807164 -0.675417304 -0.623356104 0.356009543
0.000000 -3.084090710 -1.397733212 2.410335302 -0.157495216 -0.676280856 -0.624769151 0.357075751
0.000000 -3.025090218 -1.380342245 2.366766214 -0.160933629 -0.676997840 -0.623361528 0.356643826
0.000000 -2.958813190 -1.359926462 2.317215204 -0.165532067 -0.675776303 -0.623659432 0.356334716
0.000000 -2.926935196 -1.351556063 2.293803930 -0.168481708 -0.675723135 -0.622262657 0.357493162
0.000000 -2.895412922 -1.343646526 2.265969753 -0.183943093 -0.677653134 -0.615198135 0.358444452
0.000000 -2.867333651 -1.339357257 2.241298676 -0.199146032 -0.677027822 -0.610973537 0.358727634
0.000000 -2.840236425 -1.343156934 2.209560394 -0.184824944 -0.669940233 -0.614438236 0.373477489
0.000000 -2.832328558 -1.354501486 2.193694353 -0.184097543 -0.643995881 -0.605707049 0.429530382
0.000000 -2.820734501 -1.373668671 2.175211906 -0.183295473 -0.561256468 -0.575603843 0.565750957
0.000000 -2.814594746 -1.369256973 2.166959524 -0.179484993 -0.543285251 -0.571224153 0.588497579
0.000000 -2.806216002 -1.354933023 2.155031204 -0.183558896 -0.543365121 -0.570032477 0.588322580
0.000000 -2.799569130 -1.336126566 2.133089781 -0.185081795 -0.546338856 -0.566506565 0.588497221
0.000000 -2.799019337 -1.326960087 2.117689610 -0.183589175 -0.546931207 -0.565968156 0.588932335
0.000000 -2.798961163 -1.317292929 2.102430344 -0.182580858 -0.550135136 -0.561326623 0.590701282
0.000000 -2.790839672 -1.299918413 2.072586775 -0.183640108 -0.547810137 -0.563222110 0.590729415
0.000000 -2.786605835 -1.293758869 2.059977055 -0.184798867 -0.546590626 -0.563780785 0.590964735
0.000000 -2.783430099 -1.289994001 2.052147388 -0.187373832 -0.547881365 -0.561143816 0.591468275
0.000000 -2.770246029 -1.274746180 2.030842781 -0.177610874 -0.543420553 -0.563281596 0.596542001
0.000000 -2.752310276 -1.260426283 2.014055252 -0.167799354 -0.536127746 -0.573624372 0.596125364
0.000000 -2.742266178 -1.248290777 1.996815801 -0.169025287 -0.536315560 -0.572103739 0.597070694
0.000000 -2.736163855 -1.238148689 1.981822491 -0.172417969 -0.539815009 -0.567101181 0.597719014
0.000000 -2.725462675 -1.222587109 1.959074616 -0.177290142 -0.540772378 -0.564264715 0.598112822
0.000000 -2.716763973 -1.207446337 1.934090257 -0.189846843 -0.546046495 -0.553848863 0.599201858
0.000000 -2.692277908 -1.182666779 1.910664201 -0.192802891 -0.533656895 -0.566650808 0.597448111
0.000000 -2.701943874 -1.180330992 1.910358071 -0.161327630 -0.532862544 -0.574574053 0.599912941
0.000000 -2.702759266 -1.169899464 1.894118190 -0.170879588 -0.529057324 -0.569405913 0.605537355
0.000000 -2.705934525 -1.163323402 1.872119308 -0.181875139 -0.512410045 -0.557967722 0.626920581
0.000000 -2.713038921 -1.152317762 1.852137446 -0.174806669 -0.498219252 -0.551677883 0.645656049
0.000000 -2.722630739 -1.133059263 1.825837255 -0.179358408 -0.497181237 -0.544346213 0.651405036
0.000000 -2.732430220 -1.116847754 1.806030989 -0.177060470 -0.498630077 -0.543962061 0.651247203
0.000000 -2.738500595 -1.105992079 1.792788506 -0.178080201 -0.499537528 -0.542292416 0.651666045
0.000000 -2.748522997 -1.089014053 1.773048639 -0.183783963 -0.500211716 -0.539013326 0.652285457
0.000000 -2.763851166 -1.067068100 1.750392079 -0.185592994 -0.504489064 -0.532213688 0.654060125
0.000000 -2.772304296 -1.057989120 1.742369175 -0.184640005 -0.506648481 -0.528946519 0.655309856
0.000000 -2.783633471 -1.045775890 1.735025167 -0.178281873 -0.502575636 -0.535554707 0.654839277
0.000000 -2.791925192 -1.039237261 1.732242227 -0.167620823 -0.491808563 -0.552401483 0.651828349
0.000000 -2.808943272 -1.022898436 1.712911010 -0.167670146 -0.495872885 -0.547004521 0.653286159
0.000000 -2.822989702 -1.005735397 1.690579653 -0.168263346 -0.498940766 -0.541661739 0.655246615
0.000000 -2.841455460 -0.948214054 1.614317179 -0.166389868 -0.498633444 -0.540257633 0.657115519
0.000000 -2.840433121 -0.932161570 1.588829160 -0.181361482 -0.500859439 -0.532726347 0.657609701
0.000000 -2.839490652 -0.923340082 1.567463636 -0.182257310 -0.494876295 -0.539058805 0.656730771
0.000000 -2.845686436 -0.912484884 1.536449671 -0.179428890 -0.492623329 -0.542307734 0.656528652
0.000000 -2.854075193 -0.901922703 1.512319803 -0.182896450 -0.493042022 -0.538894832 0.658065975
0.000000 -2.873360872 -0.884716511 1.488332510 -0.177486658 -0.499379128 -0.531029701 0.661155343
0.000000 -2.888180256 -0.866084337 1.512768865 -0.178415149 -0.499281913 -0.532158494 0.660070419
0.000000 -2.875230789 -0.857414484 1.535841107 -0.175030529 -0.497680336 -0.535439610 0.659532428
0.000000 -2.860365152 -0.866261721 1.569472432 -0.145126790 -0.483342677 -0.562063396 0.655288339
0.000000 -2.854341269 -0.861872911 1.562783122 -0.149853095 -0.487661451 -0.555909932 0.656273186
0.000000 -2.845093012 -0.846615076 1.541653275 -0.163935810 -0.495795131 -0.541302919 0.659016967
0.000000 -2.834805965 -0.834157705 1.525546074 -0.178049192 -0.493340433 -0.539178908 0.658938408
0.000000 -2.823976517 -0.815374136 1.505493522 -0.188983068 -0.487117797 -0.545145154 0.655605376
0.000000 -2.835546732 -0.794100523 1.499357700 -0.158557788 -0.493247807 -0.545158982 0.659065783
0.000000 -2.831223249 -0.792362213 1.500629067 -0.151448622 -0.482702136 -0.558799207 0.657118976
0.000000 -2.830623150 -0.782632589 1.481536269 -0.161219805 -0.485796422 -0.550783396 0.659278154
0.000000 -2.832797050 -0.776182413 1.463812113 -0.177380964 -0.491767168 -0.538790405 0.660610259
0.000000 -2.836699009 -0.772737980 1.445963740 -0.185458675 -0.483896762 -0.546697915 0.657700956
0.000000 -2.874842167 -0.770376444 1.405293941 -0.170084104 -0.501250029 -0.528110921 0.664017081
0.000000 -2.875919819 -0.777165413 1.408001423 -0.167745456 -0.489329457 -0.544633150 0.660146117
0.000000 -2.866657972 -0.758667469 1.430966735 -0.144939899 -0.476542979 -0.564083278 0.658566058
0.000000 -2.861485958 -0.684722185 1.379337668 -0.171255514 -0.486728162 -0.545687497 0.660297215
0.000000 -2.866654396 -0.659712315 1.348938346 -0.182376206 -0.496858895 -0.528405309 0.663820744
0.000000 -2.875232697 -0.649068594 1.325437546 -0.165848479 -0.491693497 -0.538232744 0.664106369
0.000000 -2.878330946 -0.633700371 1.310946226 -0.165107042 -0.493280619 -0.535960436 0.664951384
0.000000 -2.876295090 -0.611052513 1.298139215 -0.165395707 -0.485114366 -0.543968618 0.664384246
0.000000 -2.886479616 -0.567665100 1.281120658 -0.150882110 -0.489687234 -0.550038755 0.659468353
0.000000 -2.886017799 -0.544846535 1.268014073 -0.156582490 -0.500812709 -0.558019340 0.642871022
0.000000 -2.894186258 -0.513957977 1.233893275 -0.164856091 -0.539273679 -0.560149729 0.606826723
0.000000 -2.896550894 -0.510517120 1.229359865 -0.162386671 -0.544904411 -0.561525285 0.601164937
0.000000 -2.900292873 -0.501477242 1.218778729 -0.158370093 -0.551424384 -0.565899611 0.592121363
0.000000 -2.890821695 -0.469349146 1.256634712 -0.131728381 -0.536062717 -0.591118515 0.588101506
0.000000 -2.886956215 -0.459306955 1.261714935 -0.128346503 -0.528816164 -0.599794388 0.586623669
0.000000 -2.886992693 -0.433578253 1.245886803 -0.139061332 -0.541108370 -0.581854165 0.591024041
0.000000 -2.887697935 -0.413204908 1.222585917 -0.150959179 -0.542582929 -0.577165604 0.591350138
0.000000 -2.895085812 -0.404495478 1.197876096 -0.155841395 -0.553731263 -0.568808854 0.587836385
0.000000 -2.902062416 -0.415292263 1.182772994 -0.135214642 -0.545349717 -0.585247636 0.584633291
0.000000 -2.887025833 -0.422226429 1.173223972 -0.132424638 -0.542678058 -0.588842332 0.584148049
0.000000 -2.869329214 -0.422895670 1.167653322 -0.151453227 -0.532260180 -0.595838964 0.582011104
0.000000 -2.857758284 -0.422223806 1.164277196 -0.167995632 -0.522400975 -0.602958083 0.579064965
0.000000 -2.855555058 -0.422977448 1.160369396 -0.172619238 -0.517722964 -0.606713116 0.577983320
0.000000 -2.882716417 -0.419287205 1.141277671 -0.140609324 -0.541953504 -0.583662689 0.588092923
0.000000 -2.903333426 -0.410508871 1.117826343 -0.144521847 -0.556713760 -0.566525877 0.590111554
0.000000 -2.900799990 -0.415080547 1.116533160 -0.150542021 -0.548966944 -0.574654043 0.588000953
0.000000 -2.893284798 -0.428869486 1.110576749 -0.131220743 -0.533647060 -0.597817779 0.583623052
0.000000 -2.884946346 -0.417706966 1.062357664 -0.125478461 -0.532163322 -0.598385930 0.585654855
0.000000 -2.875812292 -0.404471397 1.028832674 -0.131285727 -0.532418549 -0.594236076 0.588369012
0.000000 -2.862231970 -0.389921665 0.993727088 -0.132861629 -0.529162586 -0.595908642 0.589260280
0.000000 -2.852977276 -0.378121614 0.967709661 -0.135264233 -0.528149307 -0.595559061 0.589975715
0.000000 -2.838575363 -0.361188412 0.927702427 -0.133100480 -0.528636634 -0.594517589 0.591080725
0.000000 -2.821652651 -0.345589638 0.881502390 -0.131252661 -0.531692028 -0.598938406 0.584250927
0.000000 -2.790052414 -0.317422867 0.820273757 -0.126795530 -0.520568430 -0.613442183 0.580189705
0.000000 -2.782583714 -0.310208082 0.804386258 -0.123255402 -0.520074606 -0.614545584 0.580227733
0.000000 -2.770114183 -0.291877270 0.764604211 -0.121202439 -0.521286786 -0.611181259 0.583118916
0.000000 -2.753631115 -0.270125389 0.721430659 -0.128922775 -0.523633420 -0.604048967 0.586780906
0.000000 -2.733820677 -0.246555090 0.679675698 -0.132722124 -0.530235708 -0.610459626 0.573213696
0.000000 -2.722558737 -0.233364820 0.657542825 -0.134308204 -0.534194469 -0.617908180 0.561058879
0.000000 -2.712749481 -0.223049879 0.634687901 -0.133656114 -0.539198935 -0.623971105 0.549600363
0.000000 -2.694138765 -0.194753885 0.582278728 -0.130948067 -0.551205933 -0.628176570 0.533309460
0.000000 -2.678504705 -0.176011801 0.537138104 -0.126716703 -0.561332405 -0.630505145 0.520876229
0.000000 -2.657006502 -0.148832798 0.501173735 -0.123283006 -0.565791070 -0.636837423 0.509038150
0.000000 -2.633100748 -0.125498056 0.462219477 -0.131248519 -0.565643251 -0.642895520 0.499506652
0.000000 -2.622779369 -0.114403009 0.442440629 -0.134232700 -0.565392435 -0.646440983 0.494395643
0.000000 -2.607546806 -0.095486403 0.408106327 -0.132529393 -0.571430385 -0.650723994 0.482142657
0.000000 -2.600061893 -0.086122513 0.388654590 -0.129455686 -0.572130382 -0.653837264 0.477917224
0.000000 -2.586145878 -0.066694975 0.357014775 -0.122108191 -0.573549747 -0.660074353 0.469502121
0.000000 -2.561985731 -0.030021667 0.302006960 -0.110381402 -0.581432521 -0.669228017 0.449317306
0.000000 -2.550890684 -0.000097275 0.243205428 -0.101866044 -0.591044009 -0.675604463 0.428776026
0.000000 -2.532221079 0.030999899 0.185979605 -0.093181364 -0.588792980 -0.683372736 0.421475857
0.000000 -2.485982418 0.076845407 0.123383403 -0.074491329 -0.588373482 -0.694559097 0.407253444
0.000000 -2.425332785 0.129620075 0.066639066 -0.081563465 -0.600275338 -0.689656317 0.396725446
0.000000 -2.394765854 0.154635191 0.038168073 -0.067325309 -0.604906380 -0.694283962 0.384090304
0.000000 -2.349787951 0.182236195 0.006871819 -0.066306196 -0.611501038 -0.691221774 0.379318416
0.000000 -2.271372080 0.214073658 -0.035329938 -0.071726941 -0.611374438 -0.694009781 0.373399228
0.000000 -2.223748446 0.227773905 -0.055549026 -0.069073707 -0.609210014 -0.698132336 0.369733989
0.000000 -2.113337278 0.256180644 -0.104773045 -0.044978373 -0.599784851 -0.706024230 0.373851329
0.000000 -2.036073446 0.293976665 -0.148978233 -0.051788993 -0.602729261 -0.698918581 0.381507754
0.000000 -1.942145228 0.345625520 -0.206028938 -0.069406971 -0.610359907 -0.686441839 0.389154345
0.000000 -1.870078444 0.379929423 -0.249259233 -0.059214219 -0.609907746 -0.685709238 0.392821938
0.000000 -1.774664879 0.407205105 -0.309001088 -0.040063515 -0.612711430 -0.684354246 0.393241465
0.000000 -1.746347070 0.398411512 -0.323274493 -0.037417937 -0.601312816 -0.695194423 0.392081082
0.000000 -1.714751363 0.389608145 -0.329422116 -0.042073686 -0.581460595 -0.711992264 0.391408145
0.000000 -1.703821540 0.388660550 -0.332637548 -0.046780385 -0.576802552 -0.715063930 0.392165810
0.000000 -1.685427666 0.391930103 -0.343823314 -0.052294329 -0.571391761 -0.718188584 0.393677473
0.000000 -1.674732924 0.402872324 -0.363942862 -0.052810814 -0.580375612 -0.709853947 0.395578891
0.000000 -1.660673857 0.424485564 -0.396557927 -0.039937232 -0.583494484 -0.708598971 0.394749075
0.000000 -1.653558254 0.446240664 -0.420939326 -0.031796463 -0.580064476 -0.712289453 0.393900871
0.000000 -1.648626566 0.465368748 -0.440588832 -0.033751018 -0.580181777 -0.711219251 0.395496070
0.000000 -1.643248677 0.488828778 -0.463099957 -0.039871428 -0.582991421 -0.707486928 0.397484064
0.000000 -1.640775561 0.501527786 -0.474038839 -0.041137952 -0.582817733 -0.706946015 0.398570567
0.000000 -1.641293049 0.581904531 -0.532786846 -0.011393426 -0.583536863 -0.707155943 0.399105817
0.000000 -1.637921572 0.611890793 -0.557432532 -0.001658664 -0.588014603 -0.702814758 0.400359243
0.000000 -1.627297997 0.644640088 -0.577248812 0.008346699 -0.587303460 -0.703749418 0.399677038
0.000000 -1.608484626 0.680784941 -0.598091006 0.003922674 -0.582045913 -0.706526458 0.402526438
0.000000 -1.582874298 0.722168088 -0.619573951 -0.003053486 -0.580401063 -0.706347764 0.405213743
0.000000 -1.556010842 0.767532110 -0.643470526 -0.015760936 -0.582631886 -0.702850759 0.407789946
0.000000 -1.540883899 0.792301297 -0.654852271 -0.023124279 -0.585070789 -0.699128509 0.410337567
0.000000 -1.527235150 0.815154672 -0.667387843 -0.027823769 -0.586879551 -0.696098030 0.412608474
0.000000 -1.500879049 0.860930681 -0.689772367 -0.033149157 -0.587981403 -0.693263412 0.415409207
0.000000 -1.477516055 0.904812336 -0.714813352 -0.044767447 -0.592360616 -0.687373459 0.417878538
0.000000 -1.460993648 0.941553712 -0.738831401 -0.046699315 -0.596908212 -0.682668328 0.418907821
0.000000 -1.441293716 0.993853807 -0.776763320 -0.022743678 -0.592058063 -0.686816573 0.420990646
0.000000 -1.422606230 1.038792491 -0.810836911 -0.011315761 -0.589229345 -0.688494623 0.422677070
0.000000 -1.401293635 1.082972527 -0.844438672 -0.007360129 -0.588772714 -0.688485920 0.423414290
0.000000 -1.387827158 1.107063890 -0.861001849 -0.014175090 -0.595576584 -0.680365145 0.426838279
0.000000 -1.353609204 1.153847933 -0.882163405 -0.026553754 -0.590656698 -0.683386743 0.428254753
0.000000 -1.310620785 1.205237508 -0.887423754 0.000298716 -0.583257794 -0.691865742 0.425596148
0.000000 -1.279802799 1.229180455 -0.899812579 -0.006412676 -0.580995440 -0.693296850 0.426312894
0.000000 -1.235957503 1.248867750 -0.936894774 0.011878062 -0.572469234 -0.699271560 0.427968800
0.000000 -1.216929674 1.257644415 -0.952815771 -0.003362900 -0.568046987 -0.702479303 0.428758919
0.000000 -1.198013783 1.282564163 -0.997586608 -0.003321572 -0.588111937 -0.683777094 0.431928486
0.000000 -1.188110590 1.278832912 -1.026503682 -0.001188076 -0.588958383 -0.682835519 0.432275832
0.000000 -1.162565827 1.248910785 -1.001348257 -0.014757659 -0.569709837 -0.698616028 0.432606697
0.000000 -1.211669445 1.249755263 -0.958817184 -0.001961185 -0.557821512 -0.711468756 0.427368075
0.000000 -1.270056248 1.296496034 -0.972297788 0.042412225 -0.556225836 -0.715450168 0.420648426
0.000000 -1.294881582 1.470903277 -1.088454247 0.019890629 -0.610837817 -0.662690520 0.432808220
0.000000 -1.288574576 1.489714861 -1.107247233 0.027366661 -0.615855455 -0.657186568 0.433680743
0.000000 -1.285353303 1.497948527 -1.117148399 0.032826051 -0.627431929 -0.645788848 0.433829933
0.000000 -1.271713495 1.506880045 -1.132078648 0.043579720 -0.641924560 -0.631628275 0.432526797
0.000000 -1.188973784 1.491546631 -1.120492935 -0.014040902 -0.548317194 -0.713228345 0.436413109
0.000000 -1.169103980 1.491824746 -1.127554893 -0.017554224 -0.554351270 -0.707101405 0.438627571
0.000000 -1.131202221 1.493028402 -1.134729147 0.008957414 -0.574941993 -0.692046404 0.436386555
0.000000 -1.101056933 1.486875057 -1.104647160 0.004511391 -0.584225118 -0.683794558 0.437133491
0.000000 -1.089981318 1.482205629 -1.075792074 0.002723641 -0.565796852 -0.699448168 0.436621964
0.000000 -1.081307054 1.479715347 -1.055690289 -0.021296842 -0.528479815 -0.728111565 0.436015040
0.000000 -1.154348373 1.513426304 -1.069574594 0.026159780 -0.601227403 -0.669705868 0.435126930
0.000000 -1.209074497 1.506577015 -1.088317275 0.016939119 -0.570089996 -0.697559118 0.433730096
0.000000 -1.226762533 1.519833446 -1.117103219 -0.000639621 -0.580134928 -0.687288642 0.437123954
0.000000 -1.240211844 1.523253441 -1.119100809 0.009695480 -0.581279397 -0.687519848 0.435128421
0.000000 -1.280959368 1.561735272 -1.108785629 -0.007468618 -0.590028942 -0.678953826 0.436843097
0.000000 -1.288798809 1.564519525 -1.107315898 0.004611440 -0.584985614 -0.684998214 0.434221119
0.000000 -1.300457716 1.566747308 -1.104920387 0.013944132 -0.584701240 -0.685917914 0.432951033
0.000000 -1.312423706 1.570362329 -1.090471983 0.015842963 -0.577944934 -0.692636609 0.431257665
