1403636579763555584.000000 0.000000000 0.000000000 0.000000000 -0.000000000 -0.000000000 -0.000000000 1.000000000
1403636580063555584.000000 -0.001815294 0.131062552 0.040822949 -0.020675469 0.006034747 -0.000697595 0.999767780
1403636580563555584.000000 -0.008933631 0.297419965 0.075354688 -0.070835426 0.002208584 -0.001682326 0.997484148
1403636581063555584.000000 -0.018463004 -0.008645806 0.008423732 -0.020319607 0.019390851 -0.019282890 0.999419510
1403636581213555456.000000 -0.018617915 -0.093834467 -0.010367386 0.002408523 0.020861659 -0.013652082 0.999686241
1403636582213555456.000000 -0.002549520 0.261027038 0.067408107 -0.058987521 0.018720565 -0.010100423 0.998032093
1403636584863555584.000000 -0.000346008 -0.160679206 -0.017460927 0.013511209 0.046148274 -0.017131029 0.998696327
1403636586113555456.000000 0.015238688 0.113099590 0.003160108 -0.119076289 0.033367410 0.001651335 0.992322922
1403636586463555584.000000 0.004950939 0.110123247 -0.031075353 -0.186308011 0.044569895 0.015948422 0.981350362
1403636587663555584.000000 0.158981025 0.085005037 -0.003830374 -0.195527598 0.034909002 0.017794743 0.979915142
1403636588263555584.000000 0.341817707 0.087413795 0.014511156 -0.204565167 0.064801231 0.032461088 0.976166070
1403636589613555456.000000 -0.077091642 0.093531676 -0.037409227 -0.193207264 0.020673160 0.013756826 0.980843723
1403636592163555584.000000 0.232093573 0.103168711 0.044175893 -0.149879605 0.098376878 0.038936969 0.983026981
1403636592613555456.000000 0.234854251 0.064000368 0.164166927 -0.158121780 0.068693288 0.036976252 0.984333038
1403636592913555456.000000 0.127924278 0.049712066 0.226823196 -0.156425670 -0.002971385 0.011650215 0.987616539
1403636593063555584.000000 0.040551562 0.055559218 0.216592416 -0.165208459 -0.045791395 0.001893803 0.985193253
1403636593213555456.000000 -0.051810585 0.067717880 0.176149860 -0.168632492 -0.083443440 -0.005381542 0.982125938
1403636593363555584.000000 -0.126270548 0.087045923 0.119040601 -0.173129201 -0.107635960 -0.005115545 0.978986561
1403636593563555584.000000 -0.166089401 0.122163974 0.029594753 -0.180562526 -0.101800218 -0.004586689 0.978270352
1403636593763555584.000000 -0.138517097 0.160285622 -0.047594532 -0.196034789 -0.064538054 0.015588387 0.978346705
1403636593863555584.000000 -0.101359263 0.173555940 -0.079094604 -0.195354715 -0.030205425 0.030509744 0.979792476
1403636593963555584.000000 -0.053022154 0.180974185 -0.104969770 -0.185276628 0.008642668 0.045262977 0.981605411
1403636594263555584.000000 0.116191618 0.178470105 -0.106951796 -0.173535854 0.110550165 0.074289322 0.975779235
1403636594613555456.000000 0.286112398 0.135883614 0.029265964 -0.151454166 0.140732899 0.064225577 0.976284266
1403636594913555456.000000 0.237221286 0.105932064 0.153318405 -0.137567684 0.095025361 0.046964526 0.984804392
1403636595113555456.000000 0.092499085 0.106287077 0.178003401 -0.137990505 0.018404735 0.017255202 0.990112185
1403636595263555584.000000 -0.018237121 0.117408939 0.164747149 -0.146439806 -0.036955770 0.003960755 0.988521099
1403636595363555584.000000 -0.071738288 0.128052562 0.142192334 -0.151078567 -0.063298419 -0.003764027 0.986485898
1403636595863555584.000000 0.018826660 0.187653884 0.001536191 -0.164376721 -0.028399367 -0.006011810 0.985970438
1403636596063555584.000000 0.119833231 0.212736532 -0.048974615 -0.169949666 0.034275938 0.009803432 0.984807670
1403636596263555584.000000 0.136805370 0.229173452 -0.112667173 -0.172010496 0.064057782 0.027452148 0.982626796
1403636596763555584.000000 -0.019329770 0.236264080 -0.258647770 -0.160136491 0.061171547 0.015967226 0.985068202
1403636597613555456.000000 0.051409643 0.108312562 0.139419600 -0.158314481 -0.021460621 -0.027665298 0.986767769
1403636598113555456.000000 -0.034058202 0.154479012 0.046567429 -0.148113996 -0.078047603 -0.047693338 0.984731555
1403636598313555456.000000 -0.028050341 0.198746264 -0.016878959 -0.181611627 -0.067496449 -0.052285016 0.979656935
1403636598563555584.000000 0.000640562 0.230856478 0.000056201 -0.180151716 -0.057795528 -0.057920963 0.980229676
1403636598763555584.000000 0.021552552 0.237063378 0.071129426 -0.144524530 -0.079891875 -0.055419635 0.984712481
1403636598863555584.000000 0.029354248 0.245775297 0.108398154 -0.121427380 -0.089398831 -0.052011583 0.987197101
1403636599013555456.000000 0.040608052 0.266687840 0.158488050 -0.093649149 -0.092121601 -0.050261911 0.990059197
1403636599113555456.000000 0.044677313 0.277516663 0.182260245 -0.075407937 -0.098327391 -0.045689754 0.991240561
1403636599163555584.000000 0.045893453 0.280621141 0.191043511 -0.063135967 -0.102788530 -0.042190239 0.991800606
1403636599563555584.000000 0.050915159 0.301422954 0.246647090 -0.004245924 -0.087780565 -0.032894805 0.995587528
1403636600013555456.000000 0.057653494 0.313064069 0.253687888 0.015779899 -0.083230145 -0.025151763 0.996087909
1403636610913555456.000000 0.059087817 0.313662231 0.253329575 0.019258441 -0.085630506 -0.018834017 0.995962799
1403636624363555584.000000 0.061951369 0.313868076 0.252240658 0.011052516 -0.080272615 -0.018727569 0.996535718
1403636624813555456.000000 0.103437558 0.322808653 0.227871999 -0.003968307 -0.065923154 -0.037599400 0.997108221
1403636625013555456.000000 0.134983182 0.315282226 0.197252721 -0.025716648 -0.057804629 -0.066128172 0.995803416
1403636625163555584.000000 0.147233278 0.287632734 0.169483066 -0.039860278 -0.058474775 -0.066332683 0.995284855
1403636627763555584.000000 0.225159779 -0.051859457 0.114037283 -0.023072524 -0.060233433 -0.042448353 0.997014403
1403636629113555456.000000 0.455866039 -0.195480585 0.192869410 -0.028427310 0.002334149 -0.023993375 0.999305189
1403636629613555456.000000 0.603834927 -0.239239365 0.278476685 -0.015233603 0.050641809 0.009259058 0.998557746
1403636629913555456.000000 0.727398336 -0.204423770 0.360572934 -0.037095610 0.113534518 0.023562165 0.992561698
1403636630113555456.000000 0.814285994 -0.201184139 0.433098316 -0.030927815 0.142021343 0.030096360 0.988922477
1403636630263555584.000000 0.881825805 -0.222848296 0.487259090 -0.010679288 0.153331593 0.031136161 0.987626433
1403636630463555584.000000 0.975571752 -0.268770128 0.546589315 -0.012165157 0.157476634 0.029508261 0.987006843
1403636631213555456.000000 1.274137616 -0.419978470 0.814452350 -0.012054750 0.143495545 0.024883093 0.989264667
1403636632463555584.000000 1.658314824 -0.494170219 1.314692974 -0.012790533 0.143059149 0.014471388 0.989525676
1403636633413555456.000000 1.825861335 -0.544544280 1.758637786 -0.024657728 0.025017599 -0.017543409 0.999228895
1403636634413555456.000000 2.061362267 -0.720204532 2.389719725 -0.016755164 0.033862371 -0.010702756 0.999228716
1403636635263555584.000000 2.291849136 -0.911674798 2.942427635 -0.023340048 -0.003925025 -0.033164755 0.999169648
1403636636013555456.000000 2.466361046 -1.173085451 3.441540718 -0.025202157 -0.010933447 -0.004945964 0.999610364
1403636636663555584.000000 2.696170807 -1.515326500 3.865233660 0.012741072 0.002886772 -0.046531390 0.998831391
1403636637963555584.000000 2.804141283 -1.752878428 4.445755482 -0.012819344 -0.014694284 -0.034004696 0.999231398
1403636639163555584.000000 2.884326935 -1.938088417 5.070037365 -0.023421738 -0.029220773 -0.004299999 0.999289334
1403636639863555584.000000 3.094157934 -1.955716014 5.589041710 -0.004572185 -0.020847978 -0.035217226 0.999151766
1403636640713555456.000000 3.292841196 -2.107154608 6.049599648 -0.005008637 -0.056775086 -0.050770167 0.997082710
1403636643013555456.000000 3.645135164 -2.239157438 6.666719437 -0.025800915 0.002781076 -0.022628155 0.999407113
1403636644663555584.000000 3.962507248 -2.440397263 7.240647793 0.000364840 -0.012128943 0.004066924 0.999918103
1403636645813555456.000000 4.423189640 -2.420047045 7.990080357 -0.036205225 0.005307399 -0.025479279 0.999005437
1403636646463555584.000000 4.690489292 -2.691945076 8.555511475 0.006177134 0.098387308 0.029355317 0.994695961
1403636647163555584.000000 5.035295010 -2.982804060 8.969528198 -0.006104805 0.158254877 0.031151803 0.986887932
1403636648263555584.000000 5.610899448 -3.136498690 9.318811417 0.005719765 0.228632286 0.059828650 0.971655846
1403636649513555456.000000 6.265576363 -3.212372780 9.317791939 -0.004703521 0.340541780 0.088632815 0.936030686
1403636651263555584.000000 6.759582520 -3.274282455 8.911348343 0.006917776 0.495423049 0.136960432 0.857758760
1403636652563555584.000000 6.731239319 -3.013032198 8.378701210 -0.011609036 0.634093642 0.213017970 0.743245482
1403636654163555584.000000 6.915289402 -2.821308851 7.653120041 0.011883003 0.642340124 0.187716365 0.742980838
1403636655263555584.000000 6.779611588 -2.718188286 7.245202065 0.016068662 0.725662649 0.210058019 0.655004680
1403636656013555456.000000 6.511075974 -2.518691540 7.027073860 0.011878618 0.775461137 0.263342947 0.573732913
1403636656813555456.000000 6.244816780 -2.425018311 6.633112431 0.013040177 0.798334956 0.244109079 0.550365329
1403636657863555584.000000 5.771661758 -2.145634174 6.165647507 0.021187177 0.787061453 0.271388978 0.553564370
1403636658663555584.000000 5.384227276 -1.878582954 5.630504131 -0.019681284 0.799781859 0.257081926 0.542098224
1403636659913555456.000000 5.039844036 -1.430759311 5.136951447 -0.006334721 0.806074917 0.246807978 0.537855983
1403636660463555584.000000 4.943822861 -1.210528374 5.085187912 -0.034751885 0.795919716 0.282959521 0.534076810
1403636663363555584.000000 5.016820431 -0.874791026 5.716204643 -0.016560582 0.798971653 0.280562043 0.531653166
1403636664863555584.000000 5.768380165 -0.734103322 6.138957977 -0.004221497 0.792964816 0.236006752 0.561684787
1403636666513555456.000000 6.593471527 -1.169174433 7.030005455 0.020158803 0.787899554 0.248859659 0.562918186
1403636668313555456.000000 7.178051949 -1.366283894 7.685286045 -0.013672832 0.783730030 0.259113103 0.564305484
1403636669263555584.000000 7.643850803 -1.343054771 8.067922592 -0.000486858 0.799699128 0.234893844 0.552545071
1403636669863555584.000000 7.859159946 -1.405177116 8.466297150 0.037859555 0.799192607 0.226929277 0.555302680
1403636671913555456.000000 6.405555725 -1.431466103 7.270463467 -0.059949625 0.567719579 0.207991704 0.794254363
1403636673363555584.000000 6.185549259 -1.288230896 6.368940830 -0.063995279 0.527111709 0.167781442 0.830606580
1403636675663555584.000000 6.995212555 -1.352065563 7.411852360 -0.023843298 0.463118434 0.101414047 0.880152285
1403636676463555584.000000 7.349846840 -1.363867164 8.048456192 -0.032325879 0.313975841 0.046211760 0.947754562
1403636677463555584.000000 7.593772411 -1.523290277 8.893844604 0.009613930 0.225545526 0.027128974 0.973807395
1403636678313555456.000000 7.619955540 -1.690684557 9.330615997 -0.010359099 0.053479921 -0.006597058 0.998493373
1403636679213555456.000000 7.641262054 -1.830134988 9.629864693 -0.003398586 -0.128616467 -0.092540018 0.987361431
1403636680313555456.000000 7.471331120 -2.062429905 9.633154869 0.023073943 -0.236500531 -0.144153982 0.960601211
1403636681963555584.000000 6.681556702 -1.848695517 8.907176018 -0.000111191 -0.240998775 -0.115441188 0.963635266
1403636683913555456.000000 5.608514309 -1.462358356 7.798398495 -0.018581828 -0.244582653 -0.109740891 0.963219106
1403636685763555584.000000 4.973333359 -1.103630185 6.612110615 -0.007267657 -0.242295980 -0.116797268 0.963119030
1403636686613555456.000000 4.682976723 -0.874788702 6.049320698 -0.023340147 -0.245057240 -0.108280435 0.963160157
1403636687363555584.000000 4.448343277 -0.766277015 5.661911964 -0.010115689 -0.250361711 -0.104442343 0.962449193
1403636687963555584.000000 4.318803787 -0.571316719 5.423755646 -0.006199446 -0.253342420 -0.105792984 0.961554468
1403636688413555456.000000 4.249057293 -0.383684099 5.251832008 -0.008204307 -0.253044903 -0.108990498 0.961260676
1403636689013555456.000000 4.125380993 -0.129972622 5.002324581 -0.014074136 -0.262492388 -0.125932112 0.956577659
1403636689713555456.000000 3.886759758 -0.100702867 4.679353237 -0.039104439 -0.291461557 -0.117630430 0.948516786
1403636690613555456.000000 3.598318338 -0.235374898 4.651222706 -0.039791726 -0.287095040 -0.103096664 0.951506257
1403636691413555456.000000 3.660410881 -0.327122867 4.993982315 0.025584316 -0.297050029 -0.092255130 0.950050354
1403636691713555456.000000 3.860770702 -0.440384388 5.059611797 -0.003932692 -0.295278937 -0.118274949 0.948053777
1403636692513555456.000000 4.409767151 -0.729761124 5.146399498 -0.004195067 -0.289494574 -0.128088608 0.948561370
1403636693163555584.000000 4.756588936 -1.035614133 5.091025829 -0.014025743 -0.280561596 -0.143756837 0.948905945
1403636694513555456.000000 4.893729687 -1.261336803 5.275275707 -0.015852921 -0.295223832 -0.124966681 0.947087586
1403636696513555456.000000 4.968300819 -1.304038048 5.715866566 0.004356185 -0.276290148 -0.116342135 0.953996539
1403636699163555584.000000 4.353453159 -1.058257461 5.215019703 -0.017196234 0.036298886 -0.003934164 0.999185264
1403636700213555456.000000 4.198031902 -0.944409013 5.084768295 -0.006674689 0.228557721 0.074666858 0.970639825
1403636701013555456.000000 4.336071014 -0.657536507 5.007893562 -0.011123180 0.292789429 0.084787019 0.952345431
1403636702313555456.000000 4.699989796 -0.575235486 4.855986118 -0.008865152 0.365280151 0.109499149 0.924392700
1403636703563555584.000000 5.158582211 -0.246486664 5.010549545 -0.005737008 0.389452457 0.110289104 0.914401591
1403636705013555456.000000 5.797195435 -0.202379644 5.181857586 -0.054067515 0.372275442 0.112498470 0.919691145
1403636705713555456.000000 6.229754448 -0.237456858 5.552802086 -0.031525496 0.374448329 0.100374356 0.921259820
1403636706113555456.000000 6.475694180 -0.294348836 5.816314220 0.005995037 0.363798797 0.122843891 0.923322201
1403636706713555456.000000 6.850352287 -0.337602794 6.155211449 -0.023477955 0.370536536 0.089720540 0.924176216
1403636707813555456.000000 7.423938751 -0.764404833 6.885823250 -0.023385299 0.379173726 0.117521331 0.917534292
1403636708863555584.000000 8.068279266 -0.881132901 7.737369537 0.000864226 0.379961371 0.089488767 0.920663059
1403636709963555584.000000 8.401563644 -1.031240463 8.411653519 -0.014621466 0.390444517 0.085842803 0.916498959
1403636711063555584.000000 8.364742279 -1.076170206 9.189027786 -0.004537597 0.282913119 0.054836154 0.957565963
1403636712463555584.000000 7.866656780 -1.362169027 9.582764626 0.011773822 0.245374665 0.038703229 0.968583882
1403636713663555584.000000 7.069283962 -1.607625842 9.217612267 0.003900717 0.201825991 0.054343291 0.977904856
1403636714863555584.000000 6.477416992 -1.520360708 8.612583160 -0.027064281 0.159405246 0.033843488 0.986261666
1403636717613555456.000000 6.061722755 -1.353807926 7.569067478 -0.007041946 -0.016947856 -0.054291356 0.998356462
1403636720213555456.000000 5.132562637 -0.710219860 6.442894936 -0.015778059 -0.154092729 -0.068953335 0.985521138
1403636724413555456.000000 4.966043949 -0.148761407 5.016470909 -0.016590245 0.085949965 0.002272166 0.996158719
1403636730263555584.000000 4.051832199 -0.464525521 3.089320898 -0.014831210 0.027137656 -0.019494494 0.999331594
1403636733363555584.000000 3.624215603 -0.171936586 2.357862234 -0.001212171 0.022429751 -0.029461203 0.999313474
1403636735663555584.000000 2.891945124 -0.105484255 1.362031341 -0.016725000 0.021143163 -0.014799411 0.999526978
1403636739713555456.000000 2.346599817 -0.170287445 0.941305876 -0.006976691 0.231496572 0.057240233 0.971125245
1403636743113555456.000000 2.810316563 0.668091476 1.196181893 -0.015204648 0.238110647 0.065412141 0.968913555
1403636744713555456.000000 3.245296717 1.178119302 1.828920484 0.016942887 0.286712497 0.093854040 0.953257740
1403636749463555584.000000 3.364880085 0.668941736 2.437021494 0.003521295 0.332039505 0.089068018 0.939044356
1403636752363555584.000000 3.085649252 -0.255101204 1.986442208 -0.001269859 0.263632029 0.065595053 0.962389648
1403636756763555584.000000 1.557633281 -0.296170235 1.068699598 0.001167340 -0.061129306 -0.053990465 0.996667922
1403636757663555584.000000 1.011945486 -0.178794086 0.619192421 -0.024519200 -0.073482178 -0.066994458 0.994741619
1403636760263555584.000000 0.057379004 0.114153326 0.156576321 -0.017644234 -0.105919734 -0.057121105 0.992575884
1403636761513555456.000000 -0.017885402 0.297720313 0.101306587 -0.021161227 -0.105852433 -0.067267530 0.991878331
1403636762363555584.000000 -0.118993662 0.257093161 0.106590249 -0.033482041 -0.095061600 -0.080274343 0.991664410
1403636762563555584.000000 -0.160228401 0.271381766 0.119382434 -0.032577526 -0.108491458 -0.039055340 0.992795587
1403636762663555584.000000 -0.177809790 0.287606210 0.134458825 -0.021784682 -0.115642808 -0.017811745 0.992892206
1403636762813555456.000000 -0.189086139 0.330779195 0.166431174 -0.010756815 -0.109964140 -0.037637960 0.993164420
1403636762863555584.000000 -0.185524896 0.329514980 0.203410029 0.013000203 -0.106267780 -0.049281579 0.993030488
1403636762913555456.000000 -0.181208700 0.329166383 0.198938251 0.024792504 -0.102390118 -0.055448100 0.992888272
1403636762963555584.000000 -0.175246581 0.330820620 0.199512258 -0.004551277 -0.090619981 -0.072414726 0.993238866
1403636763013555456.000000 -0.158693314 0.337487727 0.218364269 -0.010486741 -0.082889542 -0.062240701 0.994557917
1403636763063555584.000000 -0.150384352 0.341825426 0.216031685 -0.010519502 -0.075200312 -0.049229369 0.995896935
1403636763113555456.000000 -0.129294574 0.342490017 0.190933496 -0.002623183 -0.069904797 -0.040861696 0.996712983
1403636763263555584.000000 -0.132508025 0.339950979 0.203057140 -0.004071424 -0.061385211 -0.032873664 0.997564316
