0.000000 0.000000000 0.000000000 0.000000000 -0.000000000 -0.000000000 -0.000000000 1.000000000
0.000000 0.179118350 0.185132295 -0.459164739 -0.005414776 -0.002954195 0.010236173 0.999928594
0.000000 0.215844810 0.186252192 -0.516736329 -0.007198935 -0.004540967 0.015100407 0.999849796
0.000000 0.285778403 0.253005207 -0.745163679 -0.008303625 -0.005947155 0.023097927 0.999681056
0.000000 0.284856707 0.191824794 -0.708872318 -0.010304635 -0.008550031 0.029765587 0.999467254
0.000000 0.283925891 0.144413859 -0.749082267 -0.014131533 -0.012385868 0.041331075 0.998968780
0.000000 0.277932376 0.086516611 -0.711977541 -0.016606646 -0.014819046 0.048026104 0.998598099
0.000000 0.224024504 0.012055795 -0.571623385 -0.019965133 -0.019175841 0.060462218 0.997786582
0.000000 0.142451093 -0.100234926 -0.353489518 -0.025206957 -0.025893148 0.076372057 0.996424377
0.000000 0.010074282 -0.447080672 -0.178897649 -0.028601948 -0.029180638 0.087728202 0.995306075
0.000000 -0.285324275 -1.025232911 0.567607582 -0.034263004 -0.034673665 0.100498103 0.993742406
0.000000 -0.465014666 -1.401715636 1.143747449 -0.037728097 -0.037459306 0.107340552 0.992799759
0.000000 -0.744462073 -1.894757509 1.894718766 -0.039424237 -0.038196955 0.113246165 0.992049396
0.000000 -0.922300994 -2.192410469 2.366893530 -0.040555011 -0.039226886 0.117379792 0.991483033
0.000000 -1.281077623 -2.805366516 3.316494703 -0.042530026 -0.041276678 0.124916062 0.990395606
0.000000 -1.662241220 -3.458692074 4.329426289 -0.044684540 -0.043836065 0.132267237 0.989235640
0.000000 -1.980887175 -4.029664993 5.196544647 -0.046607833 -0.044739112 0.137835518 0.988345861
0.000000 -2.325945139 -4.600941181 6.128302097 -0.050668318 -0.047836334 0.148709252 0.986422837
0.000000 -2.465941906 -4.868338108 6.533041477 -0.053297706 -0.049488265 0.154394865 0.985328615
0.000000 -2.850745678 -5.442777634 7.515715122 -0.057556324 -0.053014375 0.165572658 0.983088255
0.000000 -3.296744823 -6.210449696 8.612542152 -0.063192867 -0.057317376 0.179562837 0.980040073
0.000000 -3.699628830 -6.969319344 9.666853905 -0.066651396 -0.059350323 0.185784966 0.978529036
0.000000 -4.010996342 -7.491453648 10.384364128 -0.068990260 -0.061764464 0.189758912 0.977454364
0.000000 -4.395771980 -8.165225029 11.401397705 -0.069342248 -0.063955165 0.193866596 0.976482034
0.000000 -4.768286228 -8.834202766 12.341964722 -0.068307742 -0.064864397 0.197160482 0.975835264
0.000000 -5.189372063 -9.513988495 13.403836250 -0.067539610 -0.065173239 0.198557645 0.975584805
0.000000 -5.478948593 -9.995486259 14.143781662 -0.066505902 -0.063874543 0.196476012 0.976163030
0.000000 -5.621550560 -10.190596581 14.415414810 -0.067012645 -0.064066291 0.196689695 0.976072729
0.000000 -6.124808311 -10.888820648 15.593212128 -0.069667295 -0.066004127 0.198791459 0.975331724
0.000000 -6.187182903 -10.986455917 15.759550095 -0.069792412 -0.064982258 0.196347952 0.975886166
0.000000 -6.397698402 -11.313071251 16.238632202 -0.069038704 -0.061866537 0.190463856 0.977307379
0.000000 -6.474297523 -11.483709335 16.477785110 -0.069550827 -0.062778078 0.192008883 0.976910591
0.000000 -6.702267170 -11.816748619 16.965106964 -0.069084488 -0.063212007 0.193355694 0.976650000
0.000000 -6.818148613 -11.997895241 17.190397263 -0.070542663 -0.065471999 0.197948992 0.975475967
0.000000 -7.057193279 -12.310197830 17.656150818 -0.077004671 -0.072377264 0.217066854 0.970419407
0.000000 -7.271357536 -12.567322731 18.047639847 -0.087634362 -0.082929425 0.246054009 0.961717427
0.000000 -7.356775761 -12.730866432 18.113948822 -0.089756772 -0.082418039 0.250071704 0.960528612
0.000000 -7.435156822 -12.937459946 18.203907013 -0.088044934 -0.079407796 0.245531082 0.962110758
0.000000 -7.417465210 -12.888355255 17.901941299 -0.085738845 -0.075956449 0.240889490 0.963769555
0.000000 -7.458050251 -12.943027496 18.011116028 -0.086753994 -0.079027586 0.244669080 0.962478817
0.000000 -7.437070370 -12.911267281 17.939668655 -0.089426264 -0.083429888 0.250723153 0.960302174
0.000000 -7.361022949 -12.794036865 17.690813065 -0.094132699 -0.089332588 0.256413311 0.957815766
0.000000 -7.321522713 -12.740594864 17.576511383 -0.096149988 -0.091372922 0.256937504 0.957282245
0.000000 -7.260854721 -12.655928612 17.395418167 -0.099807441 -0.094787776 0.258382112 0.956186414
0.000000 -7.215647221 -12.595102310 17.265287399 -0.102198951 -0.097025536 0.259099454 0.955514967
0.000000 -7.205179214 -12.583715439 17.242298126 -0.103196390 -0.098585360 0.261185616 0.954679787
0.000000 -7.195789337 -12.569536209 17.209098816 -0.102802128 -0.099433914 0.262559295 0.954257429
0.000000 -7.193906784 -12.566574097 17.203939438 -0.102316096 -0.099489085 0.261982352 0.954462528
0.000000 -7.203162670 -12.578954697 17.228933334 -0.104451776 -0.103072271 0.265526265 0.952870250
0.000000 -7.204922199 -12.583650589 17.237360001 -0.105769187 -0.104964770 0.268493772 0.951686084
0.000000 -7.222002983 -12.606850624 17.285715103 -0.104943216 -0.104449973 0.267886341 0.952005267
0.000000 -7.258450508 -12.624867439 17.363281250 -0.104960814 -0.106462218 0.274980694 0.949755073
0.000000 -7.342580795 -12.699440956 17.581727982 -0.109356418 -0.115513720 0.296941876 0.941553652
0.000000 -7.443084717 -12.800814629 17.833038330 -0.104965903 -0.112459585 0.293759465 0.943419516
0.000000 -7.543122292 -12.924469948 18.114307404 -0.102666132 -0.110391051 0.291636676 0.944574773
0.000000 -7.591469288 -12.930302620 18.165870667 -0.108254448 -0.121364541 0.303728461 0.938776135
0.000000 -7.417881489 -12.594310760 17.523733139 -0.108709797 -0.123032674 0.305150777 0.938044906
0.000000 -7.348614216 -12.494834900 17.317583084 -0.110512108 -0.125371873 0.305648834 0.937362194
0.000000 -7.322653770 -12.458317757 17.243967056 -0.111973904 -0.127523363 0.307425022 0.936316967
0.000000 -7.298640251 -12.424699783 17.174242020 -0.113637827 -0.129950359 0.309734195 0.935020924
0.000000 -7.249807358 -12.354674339 17.029235840 -0.115553409 -0.133129999 0.311479747 0.933758080
0.000000 -7.185767174 -12.261062622 16.844539642 -0.117716871 -0.138096586 0.315847635 0.931296051
0.000000 -7.155885696 -12.217342377 16.754663467 -0.118041955 -0.139635697 0.315517247 0.931137383
0.000000 -7.151925564 -12.212242126 16.732868195 -0.118664421 -0.141043171 0.317021847 0.930334747
0.000000 -7.145102978 -12.204133034 16.713357925 -0.119035766 -0.142434552 0.318328649 0.929628849
0.000000 -7.142494202 -12.200654030 16.704732895 -0.118698031 -0.142623782 0.318642288 0.929535568
0.000000 -7.152947426 -12.216691017 16.731746674 -0.118208230 -0.143657520 0.320365608 0.928846180
0.000000 -7.162801266 -12.230978966 16.757936478 -0.118546091 -0.145031691 0.322770953 0.927756250
0.000000 -7.174153328 -12.247756958 16.790689468 -0.118985660 -0.146382287 0.325187534 0.926643252
0.000000 -7.192470551 -12.275140762 16.839899063 -0.120065235 -0.149653450 0.331166744 0.923859715
0.000000 -7.286587715 -12.403918266 17.086698532 -0.118281946 -0.151354387 0.336645216 0.921830356
0.000000 -7.291476727 -12.412407875 17.101501465 -0.120336197 -0.152426958 0.339524299 0.920330703
0.000000 -7.290470123 -12.410616875 17.098114014 -0.121552609 -0.152894467 0.341056377 0.919526398
0.000000 -7.286129475 -12.403705597 17.084335327 -0.122540280 -0.153055131 0.342061192 0.918995202
0.000000 -7.275966644 -12.389409065 17.056308746 -0.124842010 -0.154098094 0.345288604 0.917302608
0.000000 -7.257265568 -12.361847878 17.002969742 -0.127015173 -0.153627202 0.347495735 0.916249156
0.000000 -7.238166809 -12.333996773 16.948001862 -0.130189478 -0.154426098 0.352871865 0.913610876
0.000000 -7.212345600 -12.298725128 16.878332138 -0.135524079 -0.158337116 0.363189697 0.908105612
0.000000 -7.215701580 -12.303884506 16.891071320 -0.138091668 -0.160191432 0.367967874 0.905466199
0.000000 -7.209736824 -12.295468330 16.871454239 -0.141165629 -0.160901949 0.373604476 0.902553380
0.000000 -7.216095924 -12.303072929 16.888349533 -0.145468101 -0.162811875 0.383969724 0.897161424
0.000000 -7.228198051 -12.320072174 16.921659470 -0.147521943 -0.163238615 0.390369534 0.893981040
0.000000 -7.238719940 -12.333396912 16.951068878 -0.149855152 -0.164563745 0.398601890 0.889707088
0.000000 -7.200938225 -12.281068802 16.844181061 -0.156320050 -0.168695569 0.414727330 0.880401731
0.000000 -6.963615894 -11.960274696 16.161211014 -0.175988182 -0.181667238 0.450483799 0.856206477
0.000000 -6.919974327 -11.894830704 16.024385452 -0.183061793 -0.185683399 0.463075787 0.847095609
0.000000 -6.908249855 -11.876500130 15.984110832 -0.186225921 -0.187307030 0.469830573 0.842315376
0.000000 -6.908064842 -11.874949455 15.981718063 -0.191787153 -0.189981401 0.484355718 0.832180440
0.000000 -6.915856361 -11.884295464 16.008325577 -0.194660366 -0.191778108 0.493282706 0.825833321
0.000000 -6.923419952 -11.893301964 16.029787064 -0.197846666 -0.193705425 0.502705276 0.818915308
0.000000 -6.930554390 -11.901168823 16.049358368 -0.201090544 -0.195495114 0.511565208 0.812185526
0.000000 -6.881641388 -11.843056679 15.876346588 -0.209305167 -0.199933186 0.530069172 0.797022521
0.000000 -6.888415813 -11.848687172 15.881701469 -0.213379160 -0.201561242 0.538379610 0.789930224
0.000000 -6.852532387 -11.797976494 15.724798203 -0.218543649 -0.200734451 0.545128584 0.784078538
0.000000 -6.881811619 -11.823259354 15.835526466 -0.222994179 -0.203103080 0.553878427 0.776042163
0.000000 -6.874525547 -11.811525345 15.812808037 -0.230133891 -0.205684677 0.568742514 0.762406826
0.000000 -6.867440701 -11.803171158 15.790481567 -0.237438604 -0.208775938 0.585098803 0.746789753
0.000000 -6.834869385 -11.757482529 15.670793533 -0.250663221 -0.218108922 0.616423488 0.713875711
0.000000 -6.829519749 -11.750159264 15.651995659 -0.254765153 -0.221311286 0.625964761 0.703053534
0.000000 -6.784891129 -11.699865341 15.508725166 -0.260931969 -0.225187659 0.638803661 0.687848032
0.000000 -6.707376957 -11.587869644 15.215044022 -0.271226794 -0.232448161 0.663871408 0.657022536
0.000000 -6.710712433 -11.587392807 15.224948883 -0.275311142 -0.235896736 0.674403250 0.643223822
0.000000 -6.668124676 -11.535122871 15.076871872 -0.282570690 -0.242567778 0.693736017 0.616477907
0.000000 -6.654941559 -11.520179749 15.031459808 -0.289363205 -0.247117698 0.710525692 0.591907978
0.000000 -6.595129967 -11.449234009 14.808424950 -0.294175327 -0.251137406 0.723185778 0.572182894
0.000000 -6.619987965 -11.469391823 14.900775909 -0.305181384 -0.254365414 0.742316604 0.539563417
0.000000 -6.674715996 -11.482975960 15.025090218 -0.309969217 -0.258361846 0.755288064 0.516437829
0.000000 -6.537138462 -11.282555580 14.467945099 -0.318824321 -0.261710435 0.774478912 0.479626030
0.000000 -6.529903412 -11.224988937 14.427762985 -0.322031349 -0.265754461 0.783312619 0.460534275
0.000000 -6.247626305 -10.984100342 13.476408005 -0.339248598 -0.276124895 0.815724313 0.378495902
0.000000 -6.189526558 -10.921746254 13.272474289 -0.343617916 -0.281554878 0.828486025 0.340975970
0.000000 -6.056219101 -10.808456421 12.831398964 -0.349895865 -0.285634279 0.842063665 0.294813126
0.000000 -5.744825363 -10.594989777 11.847207069 -0.353531778 -0.284245938 0.845625579 0.281312883
0.000000 -5.836329460 -10.701521873 12.210562706 -0.357472569 -0.283370346 0.849020541 0.266606033
0.000000 -5.682789326 -10.645077705 11.846134186 -0.362704992 -0.282880723 0.854444683 0.241553038
0.000000 -5.578828812 -10.597978592 11.559485435 -0.369222999 -0.281985104 0.861027420 0.206858709
0.000000 -5.484210014 -10.538533211 11.316823006 -0.372111917 -0.283025771 0.866578937 0.174556896
0.000000 -5.254301071 -10.412867546 10.640794754 -0.377058446 -0.284596950 0.874522746 0.109733701
0.000000 -5.179800987 -10.393822670 10.409740448 -0.379327536 -0.283599347 0.877112329 0.079724468
0.000000 -5.222658634 -10.407297134 10.413690567 -0.380292654 -0.282759100 0.878164530 0.065205924
0.000000 -5.106077194 -10.305332184 9.940916061 -0.381938010 -0.281662166 0.879398465 0.038053930
0.000000 -5.223261833 -10.388049126 10.158306122 -0.382808298 -0.280735940 0.879801512 0.024380252
0.000000 -5.145291328 -10.307676315 9.736883163 0.383381724 0.279689252 -0.880210340 0.004705911
0.000000 -5.350344181 -10.485137939 10.094446182 0.382494301 0.274653375 -0.878931582 0.075781904
0.000000 -5.265540123 -10.476678848 9.970741272 0.382468551 0.273408055 -0.877630949 0.093434021
0.000000 -4.795960903 -10.359455109 9.246210098 0.382857323 0.271514952 -0.874408364 0.122922309
0.000000 -3.367978811 -9.975856781 6.957925320 0.386920840 0.269275159 -0.867962062 0.156285033
0.000000 -2.931766748 -9.922655106 6.674701214 0.389748007 0.267951965 -0.864265859 0.171297431
0.000000 -2.818531513 -9.979742050 6.514944077 0.387386739 0.265333980 -0.858826280 0.204809085
0.000000 -2.764948368 -10.050107002 6.553143501 0.381889105 0.260811567 -0.851929486 0.245670930
0.000000 -2.728785276 -10.075042725 6.537837505 0.378699929 0.257633775 -0.847860098 0.267104059
0.000000 -2.533362389 -10.045176506 6.220413685 0.375780731 0.252494961 -0.841952026 0.293516517
0.000000 -2.401556492 -10.031352043 6.079160690 0.374943286 0.247190058 -0.834262073 0.319877207
0.000000 -2.338838100 -10.013046265 5.970844746 0.375171125 0.246916100 -0.831007838 0.328184485
0.000000 -2.138618469 -9.950294495 5.634388447 0.375437915 0.247198850 -0.826467812 0.338954389
0.000000 -2.036925316 -9.920118332 5.470772266 0.375039309 0.247248515 -0.822333574 0.349258006
0.000000 -1.676730633 -9.823877335 4.921103477 0.375482500 0.246156573 -0.815565944 0.365064472
0.000000 -1.692548752 -9.814292908 4.944349766 0.371181011 0.243529782 -0.807510078 0.388388187
0.000000 -1.536142826 -9.774298668 4.745508194 0.369059235 0.239220083 -0.797311723 0.413355827
0.000000 -1.441568375 -9.743913651 4.606688023 0.366520166 0.235898942 -0.790248394 0.430722773
0.000000 -1.343223095 -9.702989578 4.441344738 0.361358076 0.229063049 -0.775454700 0.464349538
0.000000 -1.247457981 -9.671316147 4.284562588 0.355233312 0.223196089 -0.762278140 0.492874175
0.000000 -1.229643345 -9.652873993 4.234364986 0.346435428 0.214755639 -0.739212036 0.536123216
0.000000 -0.806991577 -9.497537613 3.657631397 0.343887419 0.209810659 -0.727403104 0.555522859
0.000000 -0.570867538 -9.389886856 3.337992191 0.341238022 0.205263942 -0.714099288 0.575747788
0.000000 -0.575700283 -9.395054817 3.349352837 0.337439150 0.201936960 -0.705651164 0.589417279
0.000000 -0.044737816 -9.140186310 2.637568951 0.334135085 0.198747113 -0.694052458 0.605924487
0.000000 0.099906921 -9.103606224 2.431174755 0.328462005 0.194025740 -0.679602325 0.626583934
0.000000 0.271375656 -9.059066772 2.175428391 0.320510030 0.188152745 -0.663592279 0.649243534
0.000000 0.719682693 -8.991365433 1.485306263 0.313130409 0.182726666 -0.651869893 0.666052520
0.000000 1.133032799 -8.958289146 0.924874783 0.306386083 0.176415831 -0.640926361 0.681335807
0.000000 1.822176456 -8.746142387 -0.081929207 0.300600022 0.172138974 -0.636480749 0.689129949
0.000000 1.761308670 -8.645812988 0.187433720 0.299218684 0.173139155 -0.636204183 0.689735651
0.000000 1.879386425 -8.539768219 0.028724670 0.297983229 0.172400594 -0.634807229 0.691739738
0.000000 1.584681511 -8.613291740 0.487331390 0.295991451 0.170989811 -0.632926464 0.694662273
0.000000 1.333733559 -8.685031891 0.813644409 0.297109544 0.170908749 -0.633633316 0.693559587
0.000000 1.014243603 -8.753389359 1.162016869 0.301154703 0.174461663 -0.638494611 0.686435401
0.000000 0.829536915 -8.804296494 1.350307941 0.305581391 0.177082017 -0.642730534 0.679823101
0.000000 0.609979630 -8.854710579 1.615627766 0.307974190 0.178496122 -0.645656407 0.675587773
0.000000 0.382236481 -8.751751900 1.931007385 0.307335049 0.180334091 -0.646670341 0.674419940
0.000000 0.215097427 -8.762847900 2.167574406 0.307165086 0.180892736 -0.647321165 0.673723042
0.000000 -0.035399914 -8.787772179 2.535532951 0.305950791 0.179008365 -0.646084309 0.675962448
0.000000 -0.472876549 -8.962841034 3.129584789 0.303086758 0.175498918 -0.644349933 0.679817379
0.000000 -0.797362328 -9.028359413 3.590400219 0.299370974 0.171946183 -0.641345799 0.685191393
0.000000 -0.396203518 -8.737901688 3.010250092 0.297025800 0.170513049 -0.639634311 0.688163459
0.000000 -0.481690884 -8.602635384 3.100874424 0.293938488 0.167170510 -0.636875212 0.692852199
0.000000 -0.135604382 -8.375995636 2.567435741 0.294646144 0.164196447 -0.637367189 0.692810416
0.000000 0.581592560 -8.049847603 1.462674379 0.291158438 0.160777912 -0.635055780 0.697195351
0.000000 0.670795441 -7.970731735 1.148789883 0.286737740 0.159874260 -0.633845091 0.700329959
0.000000 0.745748520 -7.885689259 1.067142248 0.284040630 0.158926353 -0.631748497 0.703531921
0.000000 1.160877228 -7.666697025 0.513246536 0.281762421 0.159593731 -0.631045878 0.704926133
0.000000 1.669787407 -7.420507431 -0.169185162 0.278843701 0.160375625 -0.629946232 0.706890106
0.000000 2.510005951 -7.046442986 -1.314944983 0.277236462 0.161940500 -0.631007314 0.706218779
0.000000 3.072679043 -6.787734032 -2.075340509 0.272584409 0.158641726 -0.625039160 0.714042425
0.000000 3.426455498 -6.625587463 -2.550081491 0.270009965 0.155184075 -0.620980501 0.719302297
0.000000 4.267183781 -6.145823479 -3.564610004 0.289165944 0.172471955 -0.645068228 0.685947180
0.000000 6.191610813 -5.280532360 -6.093514442 0.287069023 0.169946134 -0.643456876 0.688965201
0.000000 6.372377396 -5.126589775 -6.125296593 0.285852492 0.166334510 -0.642493486 0.691247642
0.000000 6.668505192 -4.723178387 -6.331962585 0.280519903 0.162760019 -0.637650192 0.698727429
0.000000 8.372463226 -3.906560183 -8.756238937 0.278411716 0.161874205 -0.636334360 0.700972378
0.000000 8.786540031 -3.633665085 -9.274427414 0.278564513 0.161438227 -0.636641443 0.700733423
0.000000 8.937727928 -3.456445217 -9.370027542 0.279944062 0.162876293 -0.638942540 0.697749972
0.000000 9.035448074 -3.364308834 -9.441711426 0.280883133 0.164230064 -0.640774488 0.695371389
0.000000 9.201326370 -3.255672455 -9.635980606 0.281890571 0.165962085 -0.642842352 0.692638457
0.000000 9.444353104 -3.130057812 -9.954977989 0.279724836 0.165833399 -0.642498076 0.693865657
0.000000 9.393770218 -3.145320177 -9.870496750 0.280951351 0.167295083 -0.645839989 0.689905465
0.000000 9.376964569 -3.146210670 -9.838785172 0.280720830 0.167826459 -0.647796988 0.688032866
0.000000 9.399354935 -3.133371353 -9.870400429 0.280884922 0.168489099 -0.649651110 0.686052859
0.000000 9.518164635 -3.084561825 -10.027103424 0.282679081 0.170649633 -0.655271530 0.679404497
0.000000 9.555038452 -3.061375856 -10.070692062 0.283196777 0.171860412 -0.660580456 0.673718810
0.000000 9.506811142 -3.090772152 -9.987434387 0.281819493 0.171296969 -0.662425101 0.672627866
0.000000 10.299457550 -2.749294996 -11.153048515 0.270541549 0.163033798 -0.654108584 0.687291205
0.000000 10.708513260 -2.562084913 -11.753454208 0.264915466 0.158318743 -0.649236202 0.695159972
0.000000 11.588628769 -2.189060688 -13.079317093 0.256955922 0.152657285 -0.641449571 0.706549287
