0.000000 0.000000000 0.000000000 0.000000000 -0.000000000 -0.000000000 -0.000000000 1.000000000
0.000000 -0.034264602 0.014495028 -0.040868819 -0.043689724 0.013600361 -0.012682676 0.998872101
0.000000 -0.045642436 0.002255996 -0.038420700 -0.033727814 0.018005908 -0.013608611 0.999176204
0.000000 -0.058226403 -0.022536956 -0.027331723 0.004738268 0.021481307 -0.016069280 0.999628901
0.000000 -0.073644817 -0.038778443 -0.019108931 0.011389483 0.013690152 -0.008706523 0.999803543
0.000000 -0.066001385 -0.040296741 -0.038601428 -0.012696852 0.033187494 -0.033416886 0.998809636
0.000000 -0.087255239 -0.043872651 -0.043103028 -0.011797598 0.037846278 -0.035129134 0.998596251
0.000000 -0.117572889 -0.047354173 -0.043572094 -0.007105026 0.042048153 -0.036719792 0.998415351
0.000000 -0.140722334 -0.048486773 -0.041902214 -0.003181395 0.038877144 -0.032379750 0.998714149
0.000000 -0.179168999 -0.046340309 -0.040855322 -0.004233635 0.037381779 -0.025879888 0.998956919
0.000000 -0.219730556 -0.041014779 -0.038185235 -0.005529863 0.038914826 -0.025823420 0.998893499
0.000000 -0.263758212 -0.037397567 -0.036574632 -0.002874475 0.040699001 -0.025628271 0.998838603
0.000000 -0.311171234 -0.034113109 -0.037242383 0.001522058 0.037653316 -0.029697618 0.998848319
0.000000 -0.389263302 -0.018458879 -0.040223751 -0.007773382 0.042180803 -0.045025907 0.998064637
0.000000 -0.486048102 -0.010209534 -0.040614426 0.002486700 0.036030453 -0.036551680 0.998678923
0.000000 -0.572744310 -0.000400947 -0.044837922 -0.007905033 0.002773183 -0.071703367 0.997390866
0.000000 -0.701286137 0.008156424 -0.059597950 -0.000837009 -0.034775782 -0.116150744 0.992622256
0.000000 -0.758804023 0.024082419 -0.061009463 -0.013387551 -0.051226452 -0.125364572 0.990696907
0.000000 -0.811310053 0.030602183 -0.064273082 -0.011802570 -0.062189825 -0.143284664 0.987655103
0.000000 -0.839098990 0.032437339 -0.066170134 -0.011767805 -0.065351918 -0.156282648 0.985477746
0.000000 -0.967228711 0.032435786 -0.074089415 -0.005956339 -0.098224260 -0.205795646 0.973634779
0.000000 -1.024436116 0.031920407 -0.080952667 0.002080361 -0.086704955 -0.228392050 0.969698429
0.000000 -1.160551667 0.087009825 -0.104294032 -0.000359166 -0.111603260 -0.253147542 0.960968733
0.000000 -1.214786768 0.117496297 -0.121176146 0.003304167 -0.119660601 -0.262222022 0.957554221
0.000000 -1.295426369 0.187322780 -0.169349968 -0.007718831 -0.126669958 -0.269456506 0.954614222
0.000000 -1.322381377 0.217725754 -0.194491312 -0.011129365 -0.115170188 -0.276717752 0.953959763
0.000000 -1.411804199 0.290199608 -0.250584662 -0.004905812 -0.100718379 -0.280178130 0.954637110
0.000000 -1.481848240 0.341609597 -0.279743046 -0.007396883 -0.105438836 -0.267667621 0.957696199
0.000000 -1.554011583 0.390417874 -0.306659281 -0.004597228 -0.114273749 -0.251610607 0.961047590
0.000000 -1.605906248 0.430676281 -0.331343055 -0.002032877 -0.104677476 -0.255194902 0.961204529
0.000000 -1.638252139 0.460986316 -0.348340273 -0.008431270 -0.102487423 -0.253563672 0.961837173
0.000000 -1.697664857 0.502630234 -0.399778008 0.007055513 -0.087413408 -0.270209014 0.958799422
0.000000 -1.709511518 0.529640019 -0.434656233 -0.021581927 -0.071793549 -0.276941806 0.957957804
0.000000 -1.730224133 0.548715234 -0.453411639 -0.036710627 -0.068279147 -0.272737533 0.958960176
0.000000 -1.775709271 0.555135965 -0.461465597 -0.021119634 -0.077205136 -0.265559077 0.960766196
0.000000 -1.803779364 0.558696985 -0.460573733 -0.017045796 -0.065678619 -0.278397560 0.958066046
0.000000 -1.840221763 0.560181558 -0.456660420 -0.016195143 -0.061624054 -0.280169904 0.957833529
0.000000 -1.887674570 0.563421190 -0.448720664 -0.017170794 -0.066525355 -0.271650463 0.959940374
0.000000 -1.918616414 0.566472411 -0.439493567 -0.019482324 -0.066200167 -0.268632561 0.960767686
0.000000 -1.962137580 0.566402912 -0.420626312 -0.009239014 -0.054687079 -0.280175269 0.958345354
0.000000 -2.032062054 0.568845272 -0.395187825 0.011902465 -0.045357008 -0.287484348 0.956636727
0.000000 -2.110506058 0.597799480 -0.375437796 0.009788663 -0.035013981 -0.290743649 0.956110001
0.000000 -2.206118345 0.649899840 -0.355627149 0.000430109 -0.042618938 -0.274443209 0.960658312
0.000000 -2.258487940 0.678271174 -0.344247401 -0.000688513 -0.049240742 -0.261496335 0.963947415
0.000000 -2.381855726 0.740667820 -0.310405701 0.000788104 -0.063489042 -0.238938913 0.968956530
0.000000 -2.464638233 0.764671624 -0.288172245 0.012885804 -0.043019101 -0.253431350 0.966310441
0.000000 -2.577486277 0.800906658 -0.262324244 0.021343248 -0.028660301 -0.260902911 0.964703441
0.000000 -2.631392479 0.826094508 -0.251131922 0.022722449 -0.037882235 -0.245954320 0.968274295
0.000000 -2.687819719 0.885915399 -0.228587002 0.023332115 -0.015866030 -0.267261624 0.963210881
0.000000 -2.722796440 0.923484802 -0.224342465 0.017454838 -0.017893765 -0.261267006 0.964942873
0.000000 -2.801865578 0.967876554 -0.252275407 0.007352767 -0.004748208 -0.264271796 0.964408517
0.000000 -2.837619781 0.971817255 -0.257587969 0.020245777 -0.010801761 -0.260762781 0.965130150
0.000000 -2.880505323 0.965067685 -0.280073017 0.030020036 -0.016489720 -0.253858507 0.966634750
0.000000 -2.839289665 0.988634765 -0.304021478 0.002259172 -0.008235749 -0.254834265 0.966947079
0.000000 -2.825377941 0.925324917 -0.204640776 0.018957114 0.025788089 -0.299565047 0.953538895
0.000000 -2.867088556 0.913152695 -0.168150261 0.035419740 0.014083331 -0.291192293 0.955904901
0.000000 -2.938981056 0.906992733 -0.127359167 0.050416186 -0.009425720 -0.267228186 0.962267339
0.000000 -3.003730297 0.906221271 -0.102886103 0.065017067 -0.020560587 -0.255215287 0.964476705
0.000000 -3.042445183 0.910756409 -0.097922683 0.091719449 -0.025244173 -0.253572226 0.962627351
0.000000 -3.066621304 0.943744600 -0.119363450 0.064685926 -0.011261738 -0.260916442 0.963125944
0.000000 -3.069574356 0.986855268 -0.152592421 -0.018553695 0.009877606 -0.255648255 0.966541350
0.000000 -3.093338013 1.036465764 -0.188406408 0.022132583 0.005079143 -0.259222895 0.965550542
0.000000 -3.088490725 1.045946121 -0.193463936 0.023797752 0.003715418 -0.259105653 0.965548635
0.000000 -3.083020210 1.053044438 -0.194701210 0.027049357 0.004714061 -0.261317194 0.964862406
0.000000 -3.079747200 1.058115482 -0.195170537 0.027084259 0.004505386 -0.260976851 0.964954495
0.000000 -3.075899601 1.068284392 -0.192541420 0.030228117 -0.004313712 -0.253300726 0.966905594
0.000000 -3.052757978 1.087869883 -0.192327112 0.009704012 0.007862137 -0.259478152 0.965668201
0.000000 -3.034750462 1.101306796 -0.190108418 -0.042246126 0.019047862 -0.257633209 0.965130866
