0.000000 0.000000000 0.000000000 0.000000000 -0.000000000 -0.000000000 -0.000000000 1.000000000
0.000000 0.003873388 -0.070971981 -0.029229317 -0.011814073 -0.001589861 0.001262603 0.999928176
0.000000 0.013091799 -0.239059538 -0.095139243 -0.020277403 -0.011105933 0.012467106 0.999655008
0.000000 0.024212254 -0.295365602 -0.120372407 -0.024138410 -0.010186006 0.023625981 0.999377489
0.000000 0.044697706 -0.350985736 -0.160560399 -0.040151235 -0.000629065 0.034609530 0.998593867
0.000000 0.074843176 -0.447272927 -0.235786900 -0.058866430 0.017066937 0.067859076 0.995810568
0.000000 0.107948780 -0.520773470 -0.287646830 -0.066580325 0.049033578 0.115596704 0.989848554
0.000000 0.142428398 -0.564298689 -0.323536575 -0.076571174 0.084035434 0.151340947 0.981922030
0.000000 0.188286647 -0.631002605 -0.354251981 -0.097158507 0.118405551 0.191788495 0.969410956
0.000000 0.225375593 -0.689475298 -0.352305412 -0.093517132 0.133828089 0.214995101 0.962871611
0.000000 0.278368384 -0.771933138 -0.337220013 -0.096103787 0.155403629 0.237274796 0.954104006
0.000000 0.321699172 -0.842462242 -0.319717169 -0.095245816 0.169463515 0.253704816 0.947546482
0.000000 0.392682552 -0.954731822 -0.277797431 -0.103991821 0.179802090 0.275472611 0.938601017
0.000000 0.436885595 -1.016227961 -0.237552822 -0.102610782 0.180187359 0.275807083 0.938580871
0.000000 0.526917398 -1.088468432 -0.113281853 -0.085264415 0.198948294 0.277482957 0.936030388
0.000000 0.566381216 -1.120310068 -0.058650039 -0.074346371 0.225105509 0.300151557 0.923963845
0.000000 0.595721841 -1.156819582 0.030881748 -0.094362199 0.233925208 0.313951671 0.915319145
0.000000 0.592866659 -1.201312304 0.109575495 -0.098666660 0.237680212 0.309099346 0.915549397
0.000000 0.576130271 -1.242386222 0.155670866 -0.097252436 0.234733537 0.314297885 0.914690673
0.000000 0.557896018 -1.301988244 0.186883554 -0.098823227 0.232873052 0.317992330 0.913720429
0.000000 0.547445536 -1.355693936 0.203473791 -0.096060760 0.232404217 0.321133584 0.913035512
0.000000 0.529515743 -1.394551754 0.232659757 -0.098944038 0.236032590 0.318038672 0.912880123
0.000000 0.507593691 -1.418277025 0.262385011 -0.103168994 0.241092071 0.312086850 0.913144350
0.000000 0.480829954 -1.448671579 0.291542947 -0.104054324 0.246396333 0.306153953 0.913636327
0.000000 0.437692612 -1.489425063 0.322253048 -0.105038345 0.246429577 0.306125849 0.913524151
0.000000 0.370030969 -1.545916200 0.362479329 -0.111651018 0.251361549 0.301743269 0.912854075
0.000000 0.280351669 -1.614297748 0.419849515 -0.110593937 0.255797148 0.300831616 0.912051082
0.000000 0.187119067 -1.677895069 0.476679683 -0.108481511 0.256176770 0.304113746 0.911109269
0.000000 0.089779735 -1.727816343 0.536214888 -0.112093702 0.279921085 0.325853199 0.896046281
0.000000 -0.121496677 -1.832215071 0.706571400 -0.126425743 0.275069535 0.342175484 0.889533222
0.000000 -0.200755119 -1.934222937 0.878765583 -0.117900848 0.282153636 0.341948807 0.888571799
0.000000 -0.211619556 -2.036052942 1.033429265 -0.108375907 0.292909920 0.333120018 0.889656961
0.000000 -0.219713926 -2.138544083 1.172639012 -0.119881414 0.311240584 0.311572492 0.889764190
0.000000 -0.269901037 -2.193930864 1.264579177 -0.126948357 0.312577069 0.312835783 0.887870193
0.000000 -0.382786393 -2.301660538 1.424828529 -0.127747729 0.323993295 0.307839304 0.885406017
0.000000 -0.500913143 -2.392814636 1.571682215 -0.123508334 0.327029079 0.311736852 0.883525789
0.000000 -0.616690397 -2.465151310 1.697990894 -0.123275533 0.318815410 0.329489827 0.880111575
0.000000 -0.758329153 -2.563381195 1.870948076 -0.115563989 0.318124205 0.338315129 0.878057420
0.000000 -0.815128207 -2.596143961 1.942657351 -0.119133711 0.320639729 0.338088721 0.876751602
0.000000 -0.898949385 -2.644788742 2.065221548 -0.127902821 0.325785071 0.335264564 0.874701440
0.000000 -1.010503650 -2.732808113 2.234781742 -0.114873298 0.336305797 0.328429222 0.875120997
0.000000 -1.041897774 -2.745263100 2.256131172 -0.123670653 0.329288542 0.338568270 0.872723401
0.000000 -1.057979941 -2.814846992 2.295300722 -0.116472818 0.340166390 0.326642752 0.874085486
0.000000 -1.019111633 -2.775554657 2.250186443 -0.129417241 0.351557046 0.331926137 0.865727425
0.000000 -0.973319054 -2.728055000 2.189350128 -0.138332754 0.371375263 0.329370916 0.857006013
0.000000 -0.955429435 -2.724990845 2.179448366 -0.141525269 0.370022625 0.330029964 0.856816232
0.000000 -0.936958671 -2.751868486 2.194434643 -0.129526526 0.364720613 0.338918537 0.857517362
0.000000 -0.908766270 -2.814407110 2.205734968 -0.101969451 0.367646992 0.338365704 0.860201538
0.000000 -0.930024505 -2.822381020 2.171650171 -0.139555901 0.354663819 0.351833940 0.854956508
0.000000 -0.873423219 -2.837071419 2.149399757 -0.119722717 0.360158890 0.344737440 0.858550072
0.000000 -0.864718199 -2.833564758 2.130681515 -0.132799119 0.373854607 0.366043508 0.841789305
0.000000 -0.818676591 -2.834316492 2.121514797 -0.092883401 0.390551001 0.350428998 0.846192777
0.000000 -0.886404991 -2.767841816 2.030633211 -0.133785233 0.399318427 0.385930121 0.820794880
0.000000 -0.882093906 -2.754664660 1.996937156 -0.119965538 0.406487793 0.377591491 0.823286474
0.000000 -0.936740637 -2.742616892 2.001655102 -0.124601461 0.399903983 0.386158109 0.821847498
0.000000 -0.941621304 -2.814055443 2.112907887 -0.137213260 0.416394144 0.364351571 0.821605980
0.000000 -0.979031086 -2.864504337 2.225135803 -0.131430835 0.413149148 0.373516917 0.820072472
0.000000 -1.015292883 -2.919462204 2.362195492 -0.122662768 0.417140692 0.373550832 0.819394469
0.000000 -1.067916870 -2.985683441 2.499524117 -0.124066383 0.420986742 0.374778867 0.816650808
0.000000 -1.124750376 -3.048377037 2.624819517 -0.134780854 0.429579109 0.368800879 0.813192368
0.000000 -1.174149036 -3.101664305 2.744430304 -0.132507458 0.438458055 0.362700611 0.811569214
0.000000 -1.278489351 -3.210183620 2.960961580 -0.132076532 0.441246897 0.368813455 0.807362139
0.000000 -1.337541103 -3.279611588 3.069159508 -0.129965037 0.441475362 0.374065965 0.805160403
0.000000 -1.376937866 -3.332723618 3.141577244 -0.128130093 0.443688363 0.374475330 0.804047048
0.000000 -1.460159779 -3.436912060 3.264929295 -0.128474742 0.446748316 0.375124514 0.801992357
0.000000 -1.509968281 -3.471044064 3.325773001 -0.135857686 0.439469874 0.388457954 0.798441827
0.000000 -1.553590775 -3.551766396 3.454607487 -0.153336093 0.441673279 0.389436930 0.793568909
0.000000 -1.512167215 -3.576857328 3.499650478 -0.142525479 0.461546481 0.364080459 0.796308279
0.000000 -1.475946188 -3.598418236 3.653200150 -0.144156650 0.465766788 0.358128965 0.796256125
0.000000 -1.478315115 -3.606936455 3.730232239 -0.158591017 0.464640111 0.359558702 0.793521285
0.000000 -1.467409372 -3.629259586 3.820887089 -0.151343018 0.470105410 0.355793655 0.793414891
0.000000 -1.458746910 -3.655603409 3.896280050 -0.140238643 0.474938542 0.351855636 0.794332504
0.000000 -1.461013317 -3.688745022 3.994282722 -0.127572402 0.481110334 0.347739875 0.794565976
0.000000 -1.482316971 -3.708589554 4.058828831 -0.135006532 0.482057184 0.348184288 0.792566597
0.000000 -1.522635460 -3.735158682 4.143332958 -0.138196304 0.486684203 0.343830377 0.791088462
0.000000 -1.585669518 -3.764581203 4.229138374 -0.143909737 0.486836672 0.348023385 0.788136899
0.000000 -1.638385296 -3.782871962 4.288538456 -0.161337391 0.491937011 0.340026706 0.785079658
0.000000 -1.692612648 -3.804049253 4.364758968 -0.166212961 0.494684398 0.339409679 0.782599390
0.000000 -1.765866280 -3.849747896 4.485835075 -0.166532993 0.500250578 0.337003618 0.780028641
0.000000 -1.801152706 -3.874475241 4.552917480 -0.168957025 0.504573345 0.332606286 0.778609216
0.000000 -1.855550766 -3.919497013 4.668875694 -0.167579383 0.508508801 0.331507534 0.776813149
0.000000 -1.890741825 -3.949704885 4.748370647 -0.170919001 0.513827085 0.326146364 0.774852872
0.000000 -1.949479580 -3.995324135 4.874722481 -0.186085477 0.528105497 0.306092381 0.769924819
0.000000 -2.036025524 -4.094852924 5.005625725 -0.179666787 0.515010357 0.326668501 0.771862566
0.000000 -2.059412479 -4.085112095 5.182916641 -0.131288335 0.497110844 0.369049788 0.774239242
0.000000 -2.146516800 -4.220121861 5.246030807 -0.127762347 0.482011855 0.396377444 0.770860732
0.000000 -2.237145424 -4.345316887 5.378572941 -0.139397621 0.495018959 0.390067279 0.763787985
0.000000 -2.262495518 -4.375699997 5.412606716 -0.149453670 0.499667495 0.381639451 0.763116837
0.000000 -2.482807159 -4.689789772 5.544696331 -0.173155949 0.556568205 0.384895623 0.715614557
0.000000 -2.493983746 -4.725132942 5.560764313 -0.176333159 0.562605381 0.379166514 0.713172197
0.000000 -2.502431870 -4.742869854 5.569250584 -0.180689275 0.561916828 0.379941374 0.712211609
0.000000 -2.509234428 -4.771996021 5.606261253 -0.176574737 0.571306825 0.378045112 0.706761479
0.000000 -2.526298523 -4.788994789 5.649370193 -0.163177252 0.585227489 0.406429887 0.682419837
0.000000 -2.533461571 -4.786639690 5.659173965 -0.169127971 0.595576167 0.405249566 0.672649682
0.000000 -2.541257381 -4.789131641 5.680686474 -0.162755460 0.604349077 0.414468259 0.660673201
0.000000 -2.553273678 -4.785766602 5.707514763 -0.159164146 0.623698115 0.418840766 0.640499711
0.000000 -2.567568302 -4.776216507 5.741067410 -0.160673812 0.641360879 0.423016161 0.619594693
0.000000 -2.581719398 -4.773240566 5.790536880 -0.161004856 0.653341532 0.428387135 0.603081048
0.000000 -2.587298393 -4.790644646 5.858871460 -0.156607002 0.663276374 0.437549025 0.586591601
0.000000 -2.582492828 -4.821089745 5.938242912 -0.151045188 0.680732608 0.450431794 0.557583869
0.000000 -2.559793472 -4.853393078 6.056208611 -0.135688499 0.697798610 0.466158509 0.526651800
0.000000 -2.536488533 -4.872663021 6.134540558 -0.115657650 0.706758440 0.482133299 0.504641771
0.000000 -2.523018837 -4.893474579 6.206188202 -0.105000682 0.729201794 0.495758802 0.459850967
0.000000 -2.517791748 -4.909953117 6.247167587 -0.115297563 0.756419599 0.489774168 0.417919964
0.000000 -2.508605480 -4.938367844 6.299525261 -0.088981517 0.769360662 0.511140645 0.372695237
0.000000 -2.508824825 -4.963889599 6.325932026 -0.081243068 0.779049873 0.520339668 0.340187401
0.000000 -2.520479202 -5.015894413 6.369624615 -0.099411361 0.797372937 0.524178326 0.282047570
0.000000 -2.497782469 -5.036814213 6.426453590 -0.058065411 0.794084847 0.545733392 0.261214197
0.000000 -2.499133825 -5.044717789 6.429568291 -0.099861994 0.799607873 0.536830127 0.249936491
0.000000 -2.453244448 -5.041571617 6.420611382 -0.093004540 0.806759000 0.526947320 0.250632465
0.000000 -2.394878387 -5.039870739 6.423720360 -0.094493501 0.807003975 0.526837885 0.249514639
0.000000 -2.276391983 -5.034235954 6.450371265 -0.076650798 0.804159701 0.536693454 0.243745804
0.000000 -2.193175793 -5.027666092 6.460300446 -0.064885415 0.811621726 0.534376621 0.226939857
0.000000 -2.101993084 -5.021922112 6.471782684 -0.045354534 0.813107967 0.543584168 0.203260079
0.000000 -2.022108555 -5.010015011 6.465856552 -0.044308636 0.819294393 0.541738451 0.182518154
0.000000 -1.991107106 -5.009916782 6.440363407 -0.060909979 0.825208247 0.536753535 0.164975658
0.000000 -1.963083863 -4.999993324 6.428186893 -0.046071913 0.832607567 0.525612891 0.168443158
0.000000 -1.990051270 -5.007407188 6.456978798 -0.039652325 0.836013436 0.532039642 0.128230497
0.000000 -2.029064655 -5.022652149 6.496693611 -0.063493043 0.827405393 0.547156513 0.109493069
0.000000 -2.002641916 -5.021827698 6.535332680 -0.066213086 0.829376757 0.544035673 0.108513802
0.000000 -1.898703456 -5.012852669 6.568220615 -0.058402888 0.833543897 0.541263819 0.093953103
0.000000 -1.742462397 -5.006982327 6.605015278 -0.046951395 0.833203733 0.542784631 0.094614588
0.000000 -1.598283768 -5.003622532 6.617479324 -0.022612771 0.832658529 0.544276536 0.099657208
0.000000 -1.547912359 -5.001195908 6.600568295 -0.041088104 0.836054742 0.538399577 0.097212121
0.000000 -1.520138741 -5.010139942 6.584144592 -0.040970784 0.835593104 0.539269388 0.096405819
0.000000 -1.708679199 -4.951710701 6.498054028 -0.042579688 0.832664013 0.543723762 0.096031971
0.000000 -1.767790079 -4.945167542 6.445841312 -0.050236657 0.837700427 0.531269431 0.116133913
0.000000 -1.832942963 -4.968182564 6.404298782 -0.049717657 0.837654769 0.525465012 0.140531734
0.000000 -1.904802203 -5.006224632 6.400643349 -0.057675887 0.826280594 0.537474334 0.158288404
0.000000 -2.004529238 -5.054324150 6.387955189 -0.064519837 0.827190161 0.524959266 0.189767003
0.000000 -2.048229218 -5.063816071 6.403650284 -0.075034820 0.820930004 0.518551588 0.227041662
0.000000 -2.109467030 -5.078420639 6.458729744 -0.091001652 0.801687002 0.520814598 0.278870583
0.000000 -2.160737038 -5.101189613 6.517369747 -0.097306505 0.786082089 0.515572846 0.326789200
0.000000 -2.205309391 -5.138077736 6.570596695 -0.113580875 0.768797517 0.508051753 0.371393621
0.000000 -2.241801739 -5.156451702 6.637258530 -0.123802438 0.753243387 0.497830421 0.411657929
0.000000 -2.254051208 -5.163159847 6.712024212 -0.135753423 0.731059015 0.477056593 0.468551725
0.000000 -2.271541595 -5.179948807 6.767212391 -0.129597664 0.730986655 0.464887857 0.482433617
0.000000 -2.337088585 -5.183393002 6.835118294 -0.135762617 0.728856623 0.468010247 0.480939686
0.000000 -2.406447411 -5.188059807 6.893160820 -0.135449424 0.729585350 0.468200773 0.479736060
0.000000 -2.481272697 -5.198953152 6.939828873 -0.158238307 0.729632735 0.466021568 0.474784851
0.000000 -2.504860878 -5.209650993 6.999892235 -0.159879744 0.732077599 0.462116957 0.474287689
0.000000 -2.467470169 -5.249777794 7.168280602 -0.154945269 0.737098396 0.456761569 0.473335862
0.000000 -2.410909653 -5.295107841 7.312655449 -0.134933904 0.740933299 0.454342723 0.475797623
0.000000 -2.386812210 -5.336278439 7.461585045 -0.137542233 0.739922345 0.458983779 0.472155660
0.000000 -2.384127617 -5.352756500 7.548438072 -0.138947800 0.739720523 0.461196333 0.469898969
0.000000 -2.388275146 -5.369727612 7.630925179 -0.142846242 0.737120271 0.466565609 0.467509538
0.000000 -2.388919830 -5.383748055 7.752842903 -0.142602921 0.733356833 0.476061434 0.463915616
0.000000 -2.372747421 -5.394930363 7.818281174 -0.152549043 0.740370452 0.463853478 0.461974412
0.000000 -2.345287323 -5.399515629 7.869426727 -0.160600692 0.746746302 0.453931540 0.458828568
0.000000 -2.309822083 -5.401274681 7.919780731 -0.146255568 0.740646482 0.467768133 0.459614068
0.000000 -2.280946732 -5.399318218 7.944007874 -0.142299265 0.746270120 0.459425956 0.460173517
0.000000 -2.248179436 -5.399995804 7.974931717 -0.142309681 0.753827751 0.446873963 0.460212260
0.000000 -2.249470711 -5.414301872 8.000969887 -0.163136497 0.749249995 0.453261048 0.454494774
0.000000 -2.227142334 -5.436574936 8.040223122 -0.155611262 0.753351927 0.447737902 0.455825418
0.000000 -2.205231667 -5.467271805 8.113262177 -0.158486098 0.751758575 0.451789320 0.453461796
0.000000 -2.182437897 -5.490327835 8.188042641 -0.170668826 0.753824174 0.446490437 0.450852066
0.000000 -2.147479057 -5.503111362 8.293392181 -0.161300912 0.749461055 0.457750559 0.450282753
0.000000 -2.107586861 -5.518259048 8.368321419 -0.141990349 0.746197522 0.466878504 0.452827215
0.000000 -2.073992729 -5.537351131 8.427604675 -0.147890106 0.749284267 0.462292761 0.450540841
0.000000 -2.050671577 -5.551912785 8.457050323 -0.156211123 0.752630413 0.455937624 0.448627263
0.000000 -2.028940201 -5.567223549 8.476642609 -0.165556058 0.755117953 0.450934947 0.446145475
0.000000 -1.986172676 -5.597962856 8.532599449 -0.168488353 0.755987108 0.450459152 0.444051296
0.000000 -1.933259010 -5.628233433 8.595769882 -0.155445561 0.758189380 0.456314772 0.439047128
0.000000 -1.890929222 -5.680093288 8.643436432 -0.126316071 0.782520652 0.479503542 0.376539588
0.000000 -1.896896362 -5.665472031 8.634553909 -0.117393062 0.818361521 0.481869608 0.290353239
0.000000 -1.906318188 -5.651782990 8.649433136 -0.121563345 0.819911361 0.480756640 0.286078304
0.000000 -1.900210857 -5.704002380 8.655379295 -0.106278986 0.810500801 0.498474956 0.288644969
0.000000 -1.908317089 -5.717579842 8.628950119 -0.139078498 0.819856048 0.477697611 0.283369452
0.000000 -1.872894764 -5.727436066 8.637896538 -0.125977010 0.822694182 0.483526170 0.271120906
0.000000 -1.826649666 -5.734035015 8.658787727 -0.111611344 0.831812978 0.488306910 0.239136830
0.000000 -1.764027357 -5.742759705 8.691081047 -0.073869869 0.842888057 0.503252745 0.175555423
0.000000 -1.732250333 -5.742410183 8.702158928 -0.056088042 0.860057473 0.500404775 0.082160726
0.000000 -1.719542623 -5.746285439 8.719443321 -0.039187066 0.862956941 0.502497911 0.035575327
0.000000 -1.729340076 -5.733405113 8.735525131 -0.046048477 0.860030174 0.507041931 0.033706799
0.000000 -1.755273342 -5.716032982 8.737611771 -0.044157870 0.860348165 0.506543696 0.035562787
0.000000 -1.803307295 -5.702957153 8.720469475 -0.080889463 0.862281680 0.499164939 0.027596451
0.000000 -1.683301568 -5.651680946 8.718336105 -0.058730513 0.866998196 0.493915409 0.030206613
0.000000 -1.561199546 -5.662834644 8.714182854 -0.050366525 0.861193538 0.504681230 0.033252921
0.000000 -1.465568781 -5.672061920 8.694341660 -0.046840824 0.865263224 0.498031497 0.033016916
0.000000 -1.425221920 -5.673633575 8.689833641 -0.044267058 0.860598266 0.506262600 0.033305496
0.000000 -1.359356880 -5.656949997 8.671910286 -0.044475619 0.874053001 0.482635617 0.033407897
0.000000 -1.325929046 -5.649553299 8.722747803 0.033959005 -0.868193567 -0.495008647 0.007291322
0.000000 -1.334025145 -5.635093689 8.781397820 0.039824039 -0.865512311 -0.498296887 0.031666160
0.000000 -1.338076353 -5.617126942 8.816376686 0.056557465 -0.867735386 -0.492470890 0.036179710
0.000000 -1.328170776 -5.606469154 8.829052925 0.041562669 -0.867930472 -0.492693812 0.047138490
0.000000 -1.302151203 -5.568472862 8.866045952 0.001860877 -0.864055097 -0.483524024 0.140035138
0.000000 -1.357614994 -5.524735451 8.811483383 0.004417575 -0.869462788 -0.473042309 0.142288566
0.000000 -1.367094040 -5.503774643 8.797159195 0.000364207 -0.867346287 -0.477393627 0.140732422
0.000000 -1.380796909 -5.498553276 8.793705940 0.001060722 -0.867710888 -0.476492852 0.141532212
0.000000 -1.395477295 -5.506899834 8.800238609 0.012273014 -0.862894237 -0.484264076 0.144052967
0.000000 -1.391985416 -5.496296883 8.790518761 0.012512052 -0.866388321 -0.478061050 0.143779114
0.000000 -1.343669415 -5.431267262 8.791559219 0.002096005 -0.862497449 -0.485223979 0.143706158
0.000000 -1.283711910 -5.373964787 8.874594688 -0.001404348 -0.866849303 -0.477606416 0.143047139
0.000000 -1.270052910 -5.395374298 8.912577629 0.005021669 -0.865072906 -0.480480045 0.144092113
0.000000 -1.263375759 -5.438061237 8.923692703 0.000256828 -0.865271926 -0.480222464 0.143843025
0.000000 -1.263284206 -5.482456207 8.935064316 0.015655227 -0.862397134 -0.483801633 0.148196459
0.000000 -1.233125687 -5.497380257 8.929445267 -0.006943326 -0.862869024 -0.477202415 0.166393489
0.000000 -1.211692810 -5.499360085 8.925485611 -0.013041029 -0.857161462 -0.473440528 0.202381328
0.000000 -1.193073273 -5.481005669 8.911449432 -0.006998176 -0.856747627 -0.473006487 0.205425009
0.000000 -1.153838158 -5.450228214 8.881848335 -0.005077793 -0.856748223 -0.472899944 0.205723956
0.000000 -1.091293335 -5.414691448 8.830498695 -0.009928271 -0.855651259 -0.474431455 0.206584558
0.000000 -1.038430214 -5.376836300 8.768102646 0.001277778 -0.857852101 -0.469252586 0.209499985
0.000000 -0.938347816 -5.342472076 8.687170029 -0.005788111 -0.857902765 -0.469144881 0.209457561
0.000000 -0.851396561 -5.331616402 8.612377167 -0.004231355 -0.856710970 -0.471024632 0.210152850
0.000000 -0.741862297 -5.335701942 8.518774033 -0.003066028 -0.856693506 -0.470007271 0.212509036
0.000000 -0.633125305 -5.359807968 8.448637962 0.005593106 -0.855594635 -0.466757596 0.223749563
0.000000 -0.539340019 -5.335885048 8.416479111 -0.032951035 -0.851858497 -0.458074331 0.251831979
0.000000 -0.470620155 -5.318387985 8.423875809 -0.049960539 -0.834888637 -0.457290947 0.302241623
0.000000 -0.433919907 -5.328528881 8.434072495 -0.041589312 -0.822055042 -0.445690125 0.351931989
0.000000 -0.379480362 -5.362004757 8.432561874 -0.057215471 -0.803145409 -0.440303355 0.397261649
0.000000 -0.317214012 -5.381752968 8.415672302 -0.076795928 -0.781829178 -0.433989614 0.441020012
0.000000 -0.272485733 -5.398612022 8.370285988 -0.098357670 -0.767028868 -0.413384646 0.480734468
0.000000 -0.241663933 -5.408352375 8.324814796 -0.108361803 -0.749601483 -0.405282110 0.511958838
0.000000 -0.220958710 -5.421589375 8.263169289 -0.112906188 -0.728822410 -0.393044859 0.549168289
0.000000 -0.202818871 -5.419743061 8.192543030 -0.122501418 -0.717269957 -0.380350471 0.570833325
0.000000 -0.171135902 -5.398449898 8.095503807 -0.131299794 -0.718609810 -0.379269481 0.567904115
0.000000 -0.129781723 -5.366810799 7.967223167 -0.138114914 -0.716594577 -0.383096635 0.566262722
0.000000 -0.112142563 -5.354290485 7.829320908 -0.140033111 -0.719097435 -0.378092766 0.565981865
0.000000 -0.121002197 -5.369351387 7.722933292 -0.142504603 -0.718770266 -0.376852781 0.566607237
0.000000 -0.150499344 -5.393650055 7.645637989 -0.126941100 -0.720197201 -0.372151524 0.571581304
0.000000 -0.137676239 -5.405131817 7.588014603 -0.126768038 -0.715047359 -0.380410820 0.572647154
0.000000 -0.088211060 -5.415559769 7.494464874 -0.131787449 -0.709096730 -0.389644861 0.572704852
0.000000 -0.040133476 -5.429187298 7.352744102 -0.127674341 -0.709526718 -0.386298239 0.575365007
0.000000 0.012604713 -5.426928043 7.209252357 -0.132748440 -0.711127102 -0.382201612 0.574976563
0.000000 0.172897339 -5.350326061 6.925342560 -0.153251261 -0.714594543 -0.369608253 0.573810458
0.000000 0.237385750 -5.296280384 6.899534225 -0.142826587 -0.706567645 -0.383625507 0.577229738
0.000000 0.296237946 -5.264880180 6.904125214 -0.153112710 -0.685504973 -0.369144559 0.608581841
0.000000 0.347167969 -5.258066654 6.940802574 -0.164322972 -0.646335661 -0.351276338 0.657155335
0.000000 0.374896049 -5.259390354 6.967778206 -0.144123256 -0.636955380 -0.367196590 0.662331581
0.000000 0.387473106 -5.263818264 6.904841900 -0.150054380 -0.638566315 -0.364470482 0.660967588
0.000000 0.381505013 -5.250544071 6.757369995 -0.148900971 -0.637592793 -0.361853659 0.663600683
0.000000 0.360546112 -5.225192547 6.556572437 -0.163314775 -0.638400257 -0.352669150 0.664377809
0.000000 0.268035889 -5.212442875 6.335193634 -0.158690080 -0.637867570 -0.348369747 0.668267131
0.000000 0.250329971 -5.204514027 6.324251175 -0.155615285 -0.632905841 -0.356230497 0.669562578
0.000000 0.234881401 -5.193588257 6.298021317 -0.141275153 -0.627805352 -0.363241583 0.673763633
0.000000 0.239270210 -5.165203571 6.209614754 -0.151135564 -0.630059958 -0.354886502 0.673971951
0.000000 0.256151199 -5.122269630 6.128526688 -0.142556980 -0.625741541 -0.359056801 0.677645326
0.000000 0.280697823 -5.062407970 5.984347343 -0.143872738 -0.624859750 -0.358285755 0.678588510
0.000000 0.307054996 -4.985466957 5.806630135 -0.145308599 -0.623252094 -0.355414718 0.681265473
0.000000 0.329524040 -4.910303116 5.632262230 -0.150836110 -0.623081207 -0.349967211 0.683038235
0.000000 0.352594376 -4.866432190 5.456051826 -0.171588302 -0.629116952 -0.333787471 0.680702031
0.000000 0.358493805 -4.874869823 5.361836433 -0.163194492 -0.599475801 -0.330462813 0.710486233
0.000000 0.379843712 -4.903284073 5.284266949 -0.196380541 -0.468294621 -0.255102843 0.822835028
0.000000 0.371012926 -4.885083199 5.243356705 -0.200888425 -0.432170510 -0.243173867 0.844830751
0.000000 0.321171045 -4.848187923 5.175387383 -0.204681247 -0.435677528 -0.237315923 0.843784213
0.000000 0.260909557 -4.829810619 5.112215519 -0.199063718 -0.435978502 -0.232192293 0.846394241
0.000000 0.214130878 -4.808340073 5.046185970 -0.201209217 -0.433503479 -0.233962968 0.846670508
0.000000 0.179698944 -4.787085056 4.984426498 -0.199635863 -0.432512343 -0.230528757 0.848489940
0.000000 0.159485579 -4.754178047 4.923819542 -0.197826102 -0.424602479 -0.233725771 0.852026880
0.000000 0.152191162 -4.727480888 4.886521816 -0.193001077 -0.415601879 -0.246422946 0.853991449
0.000000 0.109696865 -4.686316967 4.808441639 -0.193777874 -0.418898046 -0.237592801 0.854707122
0.000000 0.041523218 -4.635111809 4.694989681 -0.202970803 -0.427061677 -0.219500810 0.853370190
0.000000 0.025649548 -4.585639477 4.630735397 -0.214013308 -0.420328885 -0.229328036 0.851428628
0.000000 0.001677275 -4.585027695 4.623318672 -0.199516296 -0.418489993 -0.228386462 0.856095195
0.000000 -0.030496120 -4.581253052 4.606365204 -0.196327120 -0.404604226 -0.237635270 0.860976517
0.000000 -0.092874289 -4.588732719 4.553153515 -0.207841709 -0.373287201 -0.214576706 0.878302574
0.000000 -0.204693913 -4.580035686 4.495195866 -0.209444389 -0.361944199 -0.199687645 0.886145771
0.000000 -0.320104718 -4.576273441 4.442213058 -0.210499436 -0.361739397 -0.197847158 0.886392236
0.000000 -0.446818590 -4.568148613 4.410315990 -0.208077654 -0.366954327 -0.183868021 0.887829244
0.000000 -0.510522127 -4.567903042 4.416727543 -0.204665333 -0.350619346 -0.211976260 0.888956845
0.000000 -0.613428712 -4.571138859 4.392660618 -0.202062100 -0.353406847 -0.203040794 0.890532970
0.000000 -0.717711091 -4.570528984 4.340625763 -0.201302528 -0.350380719 -0.205153987 0.891416013
0.000000 -0.797708094 -4.557594776 4.287298679 -0.197479323 -0.347642869 -0.205056340 0.893363476
0.000000 -0.907778978 -4.522357941 4.188589096 -0.211807221 -0.351936281 -0.191483870 0.891410410
0.000000 -1.003965735 -4.535077095 4.108807087 -0.213742003 -0.346030533 -0.195848525 0.892311931
0.000000 -1.080706358 -4.546556950 4.082817078 -0.204418510 -0.343641043 -0.197316334 0.895092249
0.000000 -1.139813423 -4.546267986 4.078161240 -0.211609691 -0.351782382 -0.178520098 0.894204140
0.000000 -1.142585993 -4.553413391 4.119058132 -0.197439030 -0.343920320 -0.196347952 0.896763146
0.000000 -1.068159461 -4.454630375 4.184222698 -0.203880310 -0.345730871 -0.196562350 0.894576013
0.000000 -1.014129639 -4.444274902 4.204353333 -0.188870266 -0.331548989 -0.222985998 0.897039890
0.000000 -1.066240311 -4.405581951 4.126818180 -0.199867114 -0.345056027 -0.195046827 0.896072686
0.000000 -1.109331727 -4.347286224 4.051857471 -0.220195383 -0.343060195 -0.197338328 0.891561210
0.000000 -1.167307138 -4.342287064 4.051437855 -0.194133952 -0.348872840 -0.181562841 0.898684978
0.000000 -1.156590939 -4.324223518 4.061600208 -0.190920919 -0.335756063 -0.208473638 0.898529828
0.000000 -1.205536366 -4.315767765 4.009399414 -0.201617479 -0.338307977 -0.197786406 0.897651732
0.000000 -1.277233124 -4.338311672 3.959120035 -0.210741475 -0.337734938 -0.198533252 0.895604670
0.000000 -1.349443316 -4.398445129 3.945133924 -0.195158154 -0.341630608 -0.189458683 0.899615109
0.000000 -1.426859975 -4.266992092 3.929443836 -0.192638725 -0.329311788 -0.206790149 0.900933921
0.000000 -1.551052213 -4.209603310 3.848681450 -0.203507438 -0.341718644 -0.180059522 0.899661958
0.000000 -1.601098061 -4.214344978 3.821845531 -0.193133518 -0.332302034 -0.193841800 0.902607441
0.000000 -1.634571433 -4.205056190 3.804202557 -0.191954881 -0.332094759 -0.192710862 0.903177142
0.000000 -1.669297457 -4.170198441 3.788219213 -0.194352001 -0.327440739 -0.196928859 0.903453887
0.000000 -1.718497753 -4.162266731 3.782378674 -0.183401600 -0.319856793 -0.211890802 0.905073404
0.000000 -1.895318508 -4.053825378 3.712735415 -0.177825689 -0.391918927 -0.226867542 0.873675466
0.000000 -1.935482740 -4.015728474 3.700866938 -0.170009390 -0.401322067 -0.243135408 0.866557956
0.000000 -1.910931587 -3.970869064 3.726324558 -0.169546649 -0.388125628 -0.266185194 0.865885615
0.000000 -1.920884013 -3.959259510 3.758927822 -0.155168906 -0.381580025 -0.277312815 0.867995918
0.000000 -1.974574685 -3.907819271 3.739559174 -0.159905091 -0.391727269 -0.257732421 0.868650734
0.000000 -2.038958788 -3.888555050 3.691518307 -0.171831354 -0.399584293 -0.244266853 0.866683364
0.000000 -2.083447218 -3.904101372 3.666287422 -0.161031589 -0.405859411 -0.247288853 0.864982784
0.000000 -2.082800388 -3.929708958 3.647958279 -0.155954659 -0.394971818 -0.263793379 0.866076469
0.000000 -2.058542728 -3.919691801 3.599425316 -0.162425876 -0.391563356 -0.268351912 0.865033686
0.000000 -2.041293144 -3.901507378 3.559021950 -0.202756062 -0.385119438 -0.275965840 0.856980681
0.000000 -2.137947083 -3.952028036 3.555368662 -0.152543902 -0.398807943 -0.250589967 0.868842483
0.000000 -2.127949476 -3.982956171 3.534040928 -0.159124821 -0.383723885 -0.278652251 0.865903080
0.000000 -2.156477451 -3.984962463 3.478746414 -0.156393021 -0.377743185 -0.283839703 0.867344439
0.000000 -2.228059053 -3.969154358 3.368231535 -0.157307774 -0.379887879 -0.273395956 0.869594216
0.000000 -2.295819759 -3.934096098 3.247206450 -0.162010357 -0.376468390 -0.273113430 0.870306432
0.000000 -2.386794567 -3.888317108 3.078046799 -0.156190917 -0.379317522 -0.278378069 0.868463159
0.000000 -2.503359318 -3.810929775 2.848077059 -0.153532967 -0.368839443 -0.292091608 0.868946314
0.000000 -2.634533405 -3.749462605 2.570626736 -0.165782094 -0.400383890 -0.309669942 0.846353114
0.000000 -2.833632708 -3.707143784 2.124605179 -0.172842950 -0.430933982 -0.344147086 0.816078424
0.000000 -2.884115219 -3.745498657 1.991123676 -0.186498061 -0.445229977 -0.352250129 0.801815867
0.000000 -2.934997082 -3.771999836 1.905947804 -0.189722195 -0.456994325 -0.362788469 0.789649427
0.000000 -3.186895847 -3.998464584 1.496210814 -0.195866242 -0.512782633 -0.397214413 0.735466599
0.000000 -3.214234352 -4.104670525 1.313858271 -0.232236192 -0.528514445 -0.394683897 0.714817047
0.000000 -3.162392855 -4.796875954 0.662767887 -0.298252016 -0.581288397 -0.381491214 0.653922021
0.000000 -3.135118246 -4.880453110 0.612596750 -0.303587705 -0.580694258 -0.382177889 0.651589394
0.000000 -3.079856873 -5.071793079 0.509295046 -0.314133435 -0.576198578 -0.388903201 0.646583080
0.000000 -3.015460253 -5.492398262 0.300956309 -0.329956532 -0.571942925 -0.393383324 0.639733970
0.000000 -3.026301622 -5.924526215 0.110983014 -0.360432625 -0.573167145 -0.376646817 0.632222235
0.000000 -3.140025616 -6.630625248 -0.124069214 -0.414421439 -0.572138548 -0.347894341 0.616345584
0.000000 -3.321382999 -7.174898624 -0.227871180 -0.458732784 -0.571948588 -0.315463752 0.602429807
0.000000 -3.510345221 -7.614973068 -0.263135672 -0.477740288 -0.570483327 -0.300313979 0.596761703
0.000000 -3.636309862 -8.156801224 -0.265468121 -0.510224283 -0.562626898 -0.292129427 0.581190646
0.000000 -3.833331585 -8.687572479 -0.172793388 -0.537627935 -0.559389293 -0.274706662 0.567957819
0.000000 -3.975438118 -9.053573608 -0.035647392 -0.538611948 -0.563205659 -0.263636708 0.568500042
0.000000 -3.967952013 -9.459833145 0.109381199 -0.553106546 -0.558890820 -0.269209564 0.556093872
0.000000 -3.914380789 -10.211170197 0.295495510 -0.586378694 -0.544945955 -0.282195747 0.528733850
0.000000 -4.383018017 -10.178238869 0.624488354 -0.611952782 -0.547214866 -0.237346888 0.519361317
0.000000 -4.836455345 -9.659340858 0.753342152 -0.613649428 -0.552092075 -0.228762344 0.516039371
0.000000 -5.398217678 -8.909407616 0.832225323 -0.632346213 -0.553516090 -0.190531939 0.507400990
0.000000 -6.370364189 -7.548774719 0.724695683 -0.637936473 -0.557665944 -0.166247040 0.504388452
0.000000 -7.468973160 -5.816787720 0.695631683 -0.636365652 -0.573771298 -0.119393177 0.501568079
0.000000 -7.069484711 -5.143060684 1.497005463 -0.682658970 -0.582310379 -0.019523444 0.441033125
