0.000000 0.000000000 0.000000000 0.000000000 -0.000000000 -0.000000000 -0.000000000 1.000000000
0.000000 0.000998416 -0.123882525 -0.065423563 0.007058667 0.015203368 0.019004183 0.999678910
0.000000 -0.001341363 -0.282361835 -0.117813610 0.009598504 0.026747014 0.041526612 0.998733222
0.000000 -0.000734580 -0.581852138 -0.163197204 0.004910294 0.047160845 0.074007399 0.996129870
0.000000 -0.002665697 -0.652033627 -0.165003821 0.004841316 0.048383970 0.081743009 0.995466530
0.000000 0.001876876 -0.806231916 -0.157245263 0.012448285 0.052190807 0.093648300 0.994158566
0.000000 0.012920874 -0.993769646 -0.104243323 0.008445561 0.055355664 0.106964976 0.992684722
0.000000 0.074106574 -1.214618564 0.047678459 0.005776299 0.075514600 0.121974811 0.989639521
0.000000 0.093364865 -1.278693676 0.094975181 0.008849139 0.080614671 0.126887724 0.988596261
0.000000 0.131677806 -1.414929032 0.191767901 0.015845478 0.088439383 0.136346653 0.986578465
0.000000 0.167792395 -1.552194476 0.291356206 0.021787493 0.092777304 0.144483000 0.984907269
0.000000 0.208980381 -1.685525894 0.380721003 0.022613915 0.103343986 0.152660429 0.982600391
0.000000 0.249777600 -1.810618639 0.470160276 0.021984985 0.116260737 0.167107329 0.978813231
0.000000 0.308014572 -2.060437441 0.640402198 0.017343687 0.138746545 0.197825834 0.970213115
0.000000 0.331478536 -2.197940826 0.713122845 0.015006131 0.147478193 0.210285500 0.966335893
0.000000 0.352891147 -2.412016869 0.818699837 0.006706734 0.155243874 0.220188916 0.963001132
0.000000 0.381205052 -2.895695686 1.104309082 0.029672548 0.152181298 0.225544870 0.961815953
0.000000 0.381611347 -3.022578716 1.226691961 0.040623404 0.154768124 0.223646313 0.961446226
0.000000 0.351156712 -3.291481972 1.508643627 0.024335582 0.155348644 0.224767298 0.961641431
0.000000 0.321501464 -3.397644758 1.620530725 0.000658115 0.164709777 0.217549741 0.962051153
0.000000 0.229506284 -3.800979137 1.879824042 0.027094010 0.207921103 0.284615219 0.935429811
0.000000 0.206026405 -3.865223646 1.915419817 0.022228274 0.216187835 0.283126295 0.934135020
0.000000 0.163138211 -3.945517540 1.964261770 0.018623510 0.224367529 0.276343405 0.934316218
0.000000 0.061766624 -4.037691593 2.030844212 0.024931177 0.237904444 0.266577631 0.933657467
0.000000 -0.015671670 -4.075663567 2.055692196 0.029191114 0.236055896 0.267724544 0.933675051
0.000000 -0.187970102 -4.098275661 2.066507578 0.015153746 0.218719855 0.284701288 0.933207989
0.000000 -0.365955949 -4.088091373 2.059498787 -0.011914186 0.207010314 0.296325266 0.932306886
0.000000 -0.491039932 -4.097753525 2.065257549 -0.023839273 0.205511689 0.299195558 0.931492686
0.000000 -0.541112959 -4.124783993 2.088495731 -0.018459093 0.209799990 0.296475142 0.931528747
0.000000 -0.607555091 -4.178012371 2.187562943 -0.020933108 0.205138057 0.303154945 0.930364072
0.000000 -0.597808301 -4.203885078 2.242280960 -0.019371111 0.206436142 0.302365959 0.930367529
0.000000 -0.499921441 -4.294004440 2.420331001 0.047765292 0.229420230 0.278952092 0.931273639
0.000000 -0.473403752 -4.295373440 2.444255829 -0.002599521 0.240565225 0.265627027 0.933575869
0.000000 -0.493540406 -4.295328140 2.426674843 -0.007081047 0.238757610 0.264562190 0.934318721
0.000000 -0.558143556 -4.296391964 2.369139433 -0.008066789 0.229752377 0.271658897 0.934532106
0.000000 -0.651547253 -4.295788288 2.419736147 -0.005323268 0.223279119 0.280129313 0.933619678
0.000000 -0.698884368 -4.300619602 2.433712006 -0.004314931 0.221887022 0.282004982 0.933392048
0.000000 -0.909590960 -4.295812130 2.480719328 -0.010468270 0.220979780 0.282437146 0.933427930
0.000000 -1.203654170 -4.310448170 2.531890392 -0.023330608 0.212313473 0.292677730 0.932050645
0.000000 -1.428626299 -4.400686741 2.583214998 -0.026647313 0.206431806 0.300260693 0.930870235
0.000000 -1.483108878 -4.448223591 2.606871605 -0.028237432 0.208292753 0.299309850 0.930714965
0.000000 -1.535117269 -4.574688435 2.670251846 -0.019882761 0.212607458 0.297310233 0.930596292
