0.000000 0.000000000 0.000000000 0.000000000 -0.000000000 -0.000000000 -0.000000000 1.000000000
0.000000 0.020354778 0.022451181 -0.048938882 -0.004679884 -0.004814985 0.013498571 0.999886394
0.000000 0.026442615 0.029049451 -0.063003659 -0.007334528 -0.007723265 0.021690011 0.999708056
0.000000 0.025408689 0.027984774 -0.060566381 -0.010181882 -0.010639948 0.030251998 0.999433815
0.000000 0.028668521 0.031175319 -0.067064852 -0.012508431 -0.012631623 0.037260272 0.999147475
0.000000 0.040230293 0.045231603 -0.095110044 -0.016947191 -0.016488990 0.051547069 0.998390615
0.000000 0.049219627 0.053684440 -0.113636442 -0.021865923 -0.021282557 0.067714453 0.997238040
0.000000 0.146714732 0.180600435 -0.373181641 -0.027250366 -0.023796571 0.081385776 0.996025860
0.000000 0.187412769 0.227000877 -0.468082905 -0.033733897 -0.027167344 0.094299905 0.994601190
0.000000 0.188083038 0.223258123 -0.460929573 -0.036201082 -0.029283531 0.101176880 0.993778288
0.000000 0.185195297 0.219362751 -0.453436524 -0.040047448 -0.033811007 0.115914069 0.991875529
0.000000 0.185632184 0.226247042 -0.459376663 -0.043641321 -0.038950354 0.131631032 0.989571452
0.000000 0.161400780 0.177577183 -0.379346550 -0.047744133 -0.043390907 0.148576126 0.986794233
0.000000 0.132319391 0.135860339 -0.297624707 -0.048490398 -0.044882767 0.156225145 0.985508978
0.000000 0.103565350 0.093529478 -0.214209244 -0.049048852 -0.046326980 0.163836643 0.984177649
0.000000 0.016645528 -0.065372586 0.042185873 -0.050182112 -0.047613941 0.168343365 0.983298123
0.000000 0.006970239 -0.275880069 0.146103561 -0.054184619 -0.051159222 0.177904472 0.981222093
0.000000 -0.115387917 -0.705430210 0.622666657 -0.058057014 -0.054349724 0.186267719 0.979275167
0.000000 -0.171585739 -0.890352905 0.857538402 -0.058516871 -0.055050418 0.187479854 0.978977323
0.000000 -0.322201222 -1.293560266 1.389403343 -0.058451682 -0.055089377 0.188082963 0.978863358
0.000000 -0.546021879 -1.786657929 2.134722710 -0.057955194 -0.054984007 0.188532799 0.978812218
0.000000 -0.811211467 -2.328144789 3.014354706 -0.056968633 -0.054075360 0.187895596 0.979043245
0.000000 -1.087054849 -2.863584757 3.899732828 -0.058903061 -0.055901896 0.195837066 0.977268279
0.000000 -1.242507100 -3.147936821 4.390910625 -0.061010510 -0.058150478 0.203507915 0.975438774
0.000000 -1.722682476 -3.933923721 5.711784840 -0.069602609 -0.065878570 0.227672875 0.969010115
0.000000 -2.238165140 -4.789918900 7.121293545 -0.069967069 -0.062841550 0.221778780 0.970551252
0.000000 -2.374853611 -4.989954948 7.406296253 -0.069681123 -0.062395077 0.221048176 0.970767319
0.000000 -2.699620008 -5.435752869 8.061439514 -0.071158916 -0.064818956 0.225380093 0.969504356
0.000000 -2.770048380 -5.556869507 7.903210640 -0.074046202 -0.067999981 0.230305791 0.967911363
0.000000 -2.863542557 -5.774959087 8.075916290 -0.074988008 -0.069713280 0.233093753 0.967049241
0.000000 -2.927877188 -5.881259918 8.247961044 -0.074988060 -0.070385508 0.234104529 0.966756344
0.000000 -2.925904989 -5.874433517 8.129549026 -0.075550079 -0.071620367 0.236043260 0.966150284
0.000000 -3.090359211 -6.108169556 8.410520554 -0.075283021 -0.070976689 0.235073343 0.966455042
0.000000 -3.251100063 -6.326002121 8.687394142 -0.073817343 -0.068469994 0.230753779 0.967788994
0.000000 -3.423364162 -6.537726879 9.004213333 -0.072290704 -0.066156857 0.226120710 0.969157815
0.000000 -3.483091354 -6.621871471 9.153980255 -0.071083471 -0.065645568 0.224332228 0.969697297
0.000000 -3.471242666 -6.598617554 9.097550392 -0.070812367 -0.065923341 0.224154502 0.969739377
0.000000 -3.644663572 -6.826440811 9.525043488 -0.071252234 -0.068247244 0.225450054 0.969245970
0.000000 -3.739825726 -6.922558308 9.654392242 -0.069724925 -0.066901699 0.220453262 0.970599294
0.000000 -3.743374348 -6.926238537 9.660712242 -0.068974547 -0.067480065 0.219456017 0.970838845
0.000000 -3.720551729 -6.885650158 9.569584846 -0.067428589 -0.068667747 0.217055708 0.971403599
0.000000 -3.726385593 -6.891561985 9.577669144 -0.068296053 -0.070755653 0.219395757 0.970667183
0.000000 -3.720116377 -6.879832268 9.549778938 -0.069314554 -0.074236982 0.222384349 0.969654381
0.000000 -3.663547754 -6.788428307 9.360303879 -0.069606528 -0.076865509 0.223720446 0.969121158
0.000000 -3.637497902 -6.743216991 9.266827583 -0.072926402 -0.081331186 0.231445745 0.966695368
0.000000 -3.637253523 -6.740384102 9.261506081 -0.076082483 -0.084673405 0.238797411 0.964374244
0.000000 -3.640049934 -6.741466522 9.261840820 -0.077657774 -0.086508676 0.242125586 0.963255286
0.000000 -3.653968811 -6.765058041 9.306884766 -0.078260265 -0.087571271 0.239708155 0.963715017
0.000000 -3.639742613 -6.741160870 9.262258530 -0.080140583 -0.091160454 0.240576968 0.963010907
0.000000 -3.611094236 -6.696927071 9.175918579 -0.083352134 -0.097881325 0.247759312 0.960253656
0.000000 -3.589552164 -6.669713974 9.122807503 -0.085034057 -0.103179611 0.252826273 0.958228588
0.000000 -3.626166582 -6.721685410 9.225096703 -0.085024528 -0.104699269 0.253652602 0.957846165
0.000000 -3.644805431 -6.747847080 9.267108917 -0.085608758 -0.107643783 0.256930351 0.956593335
0.000000 -3.641963482 -6.748569012 9.255886078 -0.088996693 -0.114420749 0.267028004 0.952724278
0.000000 -3.781713486 -6.940135956 9.618344307 -0.091849752 -0.121100053 0.275403470 0.949237227
0.000000 -3.837390423 -7.019811630 9.765706062 -0.092446357 -0.123725958 0.278828740 0.947839677
0.000000 -3.858260870 -7.051452637 9.820667267 -0.092837267 -0.125168309 0.280863762 0.947010934
0.000000 -3.882301331 -7.087912083 9.885791779 -0.093111627 -0.126940668 0.283953130 0.945826054
0.000000 -3.909049034 -7.130582809 9.960520744 -0.093409933 -0.129233077 0.287844390 0.944308758
0.000000 -3.925542593 -7.155818939 10.005774498 -0.093156464 -0.129752427 0.288490027 0.944065571
0.000000 -3.949978352 -7.193583488 10.068147659 -0.092241369 -0.130454227 0.289763480 0.943668604
0.000000 -3.990117788 -7.256485462 10.182449341 -0.091790892 -0.130696848 0.289621741 0.943722427
0.000000 -4.019491196 -7.302248955 10.264243126 -0.086802050 -0.123661309 0.275888532 0.949241161
0.000000 -4.084434032 -7.401374340 10.442265511 -0.085681394 -0.124114141 0.272313297 0.950315654
0.000000 -4.093052387 -7.414186478 10.463201523 -0.085963532 -0.125291511 0.273110509 0.949906826
0.000000 -4.129911900 -7.467473984 10.554850578 -0.085200153 -0.125669807 0.272313207 0.950154483
0.000000 -4.130575657 -7.469991684 10.555314064 -0.083683848 -0.125000581 0.269545853 0.951166093
0.000000 -4.130549908 -7.469099522 10.551163673 -0.083143398 -0.124891765 0.268473387 0.951530993
0.000000 -4.149454594 -7.502909660 10.614860535 -0.082221463 -0.126230910 0.267130613 0.951812267
0.000000 -4.027947426 -7.318037510 10.293653488 -0.082030110 -0.132609546 0.269056737 0.950417936
0.000000 -4.024679184 -7.314497471 10.288043022 -0.084755093 -0.138121039 0.275767744 0.947465718
0.000000 -3.995143414 -7.273859024 10.219680786 -0.084200360 -0.139649227 0.272911787 0.948117912
0.000000 -3.972603321 -7.242447853 10.164652824 -0.087428831 -0.145325735 0.279413939 0.945073843
0.000000 -3.957171202 -7.222896576 10.133968353 -0.089067757 -0.149879679 0.281094372 0.943710268
0.000000 -3.852511883 -7.071596622 9.884677887 -0.089757919 -0.154109016 0.283947885 0.942108035
0.000000 -3.705455780 -6.854866982 9.514186859 -0.092744365 -0.161156073 0.293901533 0.937576234
0.000000 -2.822031260 -5.608236790 7.416013241 -0.103566006 -0.178007424 0.318850160 0.925160527
0.000000 -2.517802477 -5.168596745 6.683306217 -0.109679416 -0.187543631 0.332824439 0.917619646
0.000000 -2.440026045 -5.059756279 6.498632908 -0.111477934 -0.191253215 0.336434811 0.915317714
0.000000 -2.194347620 -4.751089573 5.977719784 -0.110637099 -0.191995636 0.334345251 0.916029692
0.000000 -2.287603378 -4.851611137 6.173966408 -0.112012006 -0.196511596 0.341326982 0.912322581
0.000000 -2.324676037 -4.907771587 6.259992123 -0.106656060 -0.191404238 0.332399487 0.917332828
0.000000 -2.427723169 -5.045374870 6.467716217 -0.102411009 -0.186373442 0.322693795 0.922304511
0.000000 -2.477997780 -5.125724316 6.590653896 -0.100941084 -0.184914112 0.319129497 0.923998952
0.000000 -2.478082657 -5.129942417 6.602555275 -0.108268917 -0.198668897 0.335306019 0.914537251
0.000000 -2.436593056 -5.084966660 6.481120110 -0.112816110 -0.204480261 0.338118553 0.911666691
0.000000 -2.787214041 -5.504905224 6.996746540 -0.111398198 -0.204519868 0.338071197 0.911849737
0.000000 -3.005034208 -5.786762238 7.391955853 -0.109150834 -0.203383148 0.337633431 0.912537694
0.000000 -3.017125845 -5.805709839 7.418494701 -0.109249175 -0.204084903 0.338798374 0.911937296
0.000000 -2.992449760 -5.784364700 7.379844189 -0.111157313 -0.205675676 0.339671284 0.911024153
0.000000 -2.964303017 -5.740163803 7.315994740 -0.111580618 -0.204406455 0.336271346 0.912518203
0.000000 -3.068569660 -5.879209042 7.546975613 -0.107910618 -0.201012507 0.333285391 0.914806068
0.000000 -3.224271059 -6.036620140 7.819630623 -0.103387296 -0.196402073 0.330310374 0.917405307
0.000000 -2.829941511 -5.615771294 7.180895329 -0.112539768 -0.201521769 0.341337651 0.911159933
0.000000 -2.278400660 -4.846583366 6.097791195 -0.117205285 -0.201609239 0.350239038 0.907165527
0.000000 -2.196788549 -4.826960564 6.319099426 -0.113094956 -0.195248574 0.340062261 0.912932217
0.000000 -2.532678843 -5.440926075 7.080200672 -0.119875722 -0.207038969 0.360816032 0.901430249
0.000000 -2.655447483 -5.621267796 7.359618187 -0.119408637 -0.207649082 0.363546491 0.900254071
0.000000 -2.679805756 -5.663000584 7.417727947 -0.118214145 -0.206625924 0.363235384 0.900772572
0.000000 -2.333396912 -5.216821194 6.733316898 -0.122007169 -0.208376750 0.361459404 0.900577843
0.000000 -2.477991581 -5.523463726 7.226758957 -0.119488910 -0.206785873 0.362649053 0.900803924
0.000000 -2.535207987 -5.600333214 7.309619427 -0.120446622 -0.207324445 0.364064932 0.899981081
0.000000 -2.473612785 -5.544577122 7.301434040 -0.127653435 -0.212177157 0.373449355 0.893991649
0.000000 -2.474265099 -5.599878311 7.527705669 -0.126482978 -0.211359471 0.378009230 0.892433882
0.000000 -2.512363434 -5.654231548 7.620447159 -0.126130849 -0.211745173 0.380023867 0.891536236
0.000000 -2.569831371 -5.735311031 7.744324684 -0.125666708 -0.210870236 0.383337647 0.890389740
0.000000 -2.526094198 -5.673075199 7.650613785 -0.127092645 -0.211200044 0.385584593 0.889138103
0.000000 -2.469672918 -5.591675758 7.519513130 -0.129013121 -0.212111428 0.385991663 0.888467669
0.000000 -2.512720585 -5.661672115 7.635190964 -0.137360886 -0.216181099 0.391200989 0.883945405
0.000000 -1.750776768 -4.566282272 5.944942474 -0.142181307 -0.219768420 0.398264736 0.879131138
0.000000 -1.629866242 -4.394277573 5.721831322 -0.143223107 -0.222112283 0.403520584 0.875970542
0.000000 -1.538385272 -4.273087502 5.529984474 -0.133889511 -0.207787395 0.384437442 0.889441311
0.000000 -1.529810071 -4.260708809 5.509288788 -0.132867947 -0.206059545 0.381442577 0.891283989
0.000000 -1.515198946 -4.240240574 5.473359108 -0.133193344 -0.206459016 0.381470114 0.891131163
0.000000 -1.469822884 -4.177971840 5.365425587 -0.135980815 -0.210728705 0.386854053 0.887381852
0.000000 -1.452957153 -4.154017448 5.323476315 -0.138742700 -0.215168804 0.393141657 0.883115232
0.000000 -1.421552777 -4.111520290 5.248485088 -0.143714830 -0.221930206 0.401823223 0.876716137
0.000000 -1.400482774 -4.083261490 5.199177265 -0.145018563 -0.223410577 0.402668148 0.875737250
0.000000 -1.390944958 -4.070891380 5.176105976 -0.146481246 -0.225121498 0.404461473 0.874227941
0.000000 -1.370952249 -4.045818806 5.131634712 -0.147382721 -0.226173416 0.404712617 0.873688519
0.000000 -1.375712633 -4.052131176 5.142601490 -0.147790119 -0.226766661 0.405255079 0.873214364
0.000000 -1.379644513 -4.057960987 5.151319027 -0.147538662 -0.226827160 0.405421138 0.873164117
0.000000 -1.368861198 -4.011028767 5.087114334 -0.143743128 -0.223857209 0.402626216 0.875852704
0.000000 -1.401785731 -4.048343182 5.155172825 -0.140597999 -0.221099466 0.399479508 0.878500640
0.000000 -1.427227020 -4.083544731 5.213753700 -0.137334034 -0.217466488 0.395684779 0.881635547
0.000000 -1.438606143 -4.099485397 5.242500782 -0.133572534 -0.211192533 0.385911107 0.888047695
0.000000 -1.438790083 -4.100296974 5.244455814 -0.132378817 -0.209205717 0.382714599 0.890077710
0.000000 -1.446443319 -4.110920906 5.262297630 -0.131867290 -0.208534256 0.381412357 0.890869856
0.000000 -1.445803165 -4.110455513 5.259598255 -0.132061958 -0.209284246 0.381694466 0.890544236
0.000000 -1.437464476 -4.100189686 5.241590500 -0.132504433 -0.210014284 0.381861597 0.890234947
0.000000 -1.438793182 -4.102562428 5.243836880 -0.133146003 -0.211476505 0.382346451 0.889584780
0.000000 -1.427377701 -4.086642265 5.213191032 -0.133911282 -0.213044867 0.384156704 0.888314843
0.000000 -1.410446286 -4.063553333 5.170059681 -0.135073707 -0.215836808 0.387128592 0.886172116
0.000000 -1.370560765 -4.008570671 5.072300434 -0.135047689 -0.216850996 0.387316704 0.885846257
0.000000 -1.300243974 -3.913757086 4.904937744 -0.135278478 -0.219082236 0.388962448 0.884540021
0.000000 -1.297661066 -3.911713362 4.900012016 -0.135879621 -0.220858097 0.391056269 0.883081794
0.000000 -1.260778785 -3.862385511 4.812074661 -0.136241242 -0.222793818 0.392865300 0.881735861
0.000000 -1.269660234 -3.876810789 4.834861755 -0.136594296 -0.224229664 0.393936127 0.880839050
0.000000 -1.274073601 -3.882880926 4.843767166 -0.137026519 -0.225521460 0.395063370 0.879936814
0.000000 -1.262878537 -3.870002508 4.818958759 -0.137510821 -0.226776749 0.396278381 0.878991783
0.000000 -1.264296889 -3.873163223 4.823377132 -0.138089269 -0.228995472 0.397834122 0.877622068
0.000000 -1.299058557 -3.924573183 4.908849716 -0.138415694 -0.230966076 0.398734003 0.876645267
0.000000 -1.299895167 -3.926414967 4.913159370 -0.137998462 -0.231161192 0.397956252 0.877012968
0.000000 -1.283133626 -3.905283928 4.880307198 -0.137287691 -0.231540293 0.396664679 0.877609432
0.000000 -1.267269969 -3.888052225 4.850736141 -0.139485866 -0.235030115 0.400781572 0.874459088
0.000000 -1.181967139 -3.779577971 4.681147099 -0.140340224 -0.237751558 0.401967287 0.873041332
0.000000 -1.174023867 -3.770460367 4.668612957 -0.140452266 -0.238857165 0.402852833 0.872313023
0.000000 -1.142179728 -3.726574898 4.607168674 -0.139960840 -0.240634650 0.403645992 0.871536493
0.000000 -1.110734701 -3.687055826 4.543647766 -0.141868711 -0.243934631 0.407853723 0.868345916
0.000000 -1.091846943 -3.663334608 4.514519215 -0.142697498 -0.247413322 0.410070449 0.866179168
0.000000 -1.028805971 -3.583412409 4.390213013 -0.145897612 -0.253472447 0.416851312 0.860639632
0.000000 -0.956881523 -3.490564585 4.252569199 -0.148941517 -0.260275275 0.424287528 0.854431629
0.000000 -0.925697923 -3.455074072 4.205778599 -0.150425464 -0.265410334 0.428079575 0.850692332
0.000000 -0.867864192 -3.381962538 4.099664211 -0.152344123 -0.271057189 0.432900935 0.846118212
0.000000 -0.867577136 -3.381678581 4.101900101 -0.152471721 -0.273275793 0.434350491 0.844637394
0.000000 -0.871969461 -3.388053894 4.110569477 -0.153064549 -0.275786698 0.436569244 0.842567682
0.000000 -0.883478582 -3.404067039 4.136387825 -0.152564317 -0.278620511 0.437787741 0.841092587
0.000000 -0.894233704 -3.418014288 4.163738251 -0.151184887 -0.279194862 0.436263978 0.841942430
0.000000 -0.907647371 -3.436000347 4.188133240 -0.154952303 -0.285781831 0.445487052 0.834182143
0.000000 -0.899288297 -3.427914858 4.174266338 -0.156426758 -0.290054947 0.450296551 0.829838514
0.000000 -0.904193461 -3.435999393 4.187988758 -0.158101439 -0.295057774 0.454308659 0.825559556
0.000000 -0.893508911 -3.422869682 4.169039249 -0.160021588 -0.298851490 0.457908511 0.821827650
0.000000 -0.870603144 -3.395345211 4.126837254 -0.162278786 -0.302227020 0.460872829 0.818486810
0.000000 -0.863968253 -3.386729240 4.115568161 -0.164540797 -0.305613518 0.463747621 0.815147161
0.000000 -0.804862738 -3.314223766 4.008855343 -0.166554704 -0.309677750 0.467353761 0.811134815
0.000000 -0.775765598 -3.277586222 3.958694696 -0.166938335 -0.311313599 0.467401505 0.810401976
0.000000 -0.762969255 -3.261188030 3.935697556 -0.168087572 -0.313286394 0.467658281 0.809255242
0.000000 -0.768147886 -3.268536091 3.945734501 -0.168499455 -0.314686149 0.468932390 0.807887971
0.000000 -0.794642985 -3.302994728 3.994067430 -0.168268427 -0.315134555 0.470732808 0.806713462
0.000000 -0.890641809 -3.427576780 4.167078972 -0.165127188 -0.312459588 0.470536083 0.808515787
0.000000 -0.937303841 -3.488835335 4.253728867 -0.163355634 -0.310749561 0.470105141 0.809784412
0.000000 -0.970884442 -3.533909798 4.317702293 -0.161542535 -0.308633327 0.467692643 0.812350333
0.000000 -0.983324885 -3.550406218 4.340308189 -0.160197720 -0.307128221 0.465236664 0.814594269
0.000000 -0.990465462 -3.561211586 4.355383873 -0.160761461 -0.308198899 0.466574907 0.813312411
0.000000 -0.999532938 -3.574774981 4.372986794 -0.162730634 -0.312495500 0.471804351 0.808248699
0.000000 -1.009393334 -3.587733030 4.389447689 -0.163570344 -0.314724624 0.474199533 0.805808902
0.000000 -1.014466047 -3.596266270 4.399011612 -0.166266993 -0.319586992 0.479717165 0.800056815
0.000000 -1.011305332 -3.594388485 4.394820213 -0.167289749 -0.322258741 0.481095523 0.797941506
0.000000 -1.025637388 -3.613834381 4.418712616 -0.168252796 -0.324356049 0.481690556 0.796528935
0.000000 -1.035820365 -3.626981974 4.437771797 -0.170037597 -0.328025132 0.485956818 0.792043388
0.000000 -1.059485674 -3.651104689 4.473999500 -0.171238855 -0.331883997 0.492243588 0.786273777
0.000000 -1.102639437 -3.706544876 4.547713757 -0.174825728 -0.338232636 0.502671003 0.776116312
0.000000 -1.131687045 -3.744975567 4.598593235 -0.176681906 -0.341563255 0.507909834 0.770808518
0.000000 -1.126459718 -3.740626335 4.591316700 -0.180178806 -0.347616941 0.516963005 0.761214375
0.000000 -1.135675073 -3.762783051 4.616548538 -0.182691962 -0.351889104 0.523061395 0.754456460
0.000000 -1.119433522 -3.743812799 4.592504501 -0.186331183 -0.357360452 0.529311121 0.746594906
0.000000 -1.111037016 -3.732634544 4.576784611 -0.187496588 -0.359544903 0.531170011 0.743929386
0.000000 -1.052614093 -3.657136679 4.478221416 -0.190394223 -0.364305109 0.536502779 0.737018704
0.000000 -1.031593084 -3.632882595 4.446627140 -0.193036094 -0.368767500 0.541293919 0.730580926
0.000000 -1.003049612 -3.595318794 4.398874283 -0.194129318 -0.372505665 0.543564379 0.726698756
0.000000 -0.946696520 -3.523152351 4.306186676 -0.200011119 -0.380467415 0.552577436 0.714071631
0.000000 -0.892524660 -3.453082800 4.218208313 -0.198966071 -0.381097168 0.549518645 0.716384470
0.000000 -0.867268741 -3.419103146 4.176532269 -0.198851019 -0.381903321 0.549008906 0.716377914
0.000000 -0.765964746 -3.286140919 4.009071827 -0.201615661 -0.386903256 0.553322852 0.709570885
0.000000 -0.748181820 -3.265156269 3.985679626 -0.203489751 -0.390385330 0.556510329 0.704618692
0.000000 -0.696158528 -3.187435865 3.905843735 -0.203267187 -0.394449770 0.558353961 0.700951278
0.000000 -0.623854816 -3.089849472 3.794688225 -0.203696698 -0.398700476 0.560762346 0.696484923
0.000000 -0.533441544 -2.973052263 3.654633284 -0.203456774 -0.400408208 0.561353564 0.695097685
0.000000 -0.504423022 -2.935393333 3.611003876 -0.206240267 -0.404718459 0.566493988 0.687570095
0.000000 -0.453122467 -2.862670422 3.531602859 -0.206228733 -0.408582807 0.568745136 0.683416963
0.000000 -0.368323088 -2.751932621 3.400726557 -0.207382277 -0.412014782 0.571724951 0.678503513
0.000000 -0.306198448 -2.665435076 3.303081512 -0.209768653 -0.416375339 0.576690197 0.670862973
0.000000 -0.272632629 -2.619498968 3.254496098 -0.211549431 -0.420174032 0.580498219 0.664622128
0.000000 -0.247973382 -2.588026524 3.218900681 -0.212216794 -0.422581732 0.582471848 0.661146939
0.000000 -0.178400248 -2.492531300 3.114753723 -0.207316667 -0.421435326 0.577198267 0.668022633
0.000000 -0.207000107 -2.503534794 3.148587465 -0.202146858 -0.422591597 0.574464321 0.671225548
0.000000 -0.190280139 -2.458417892 3.137877464 -0.207445070 -0.434417516 0.585923791 0.651875198
0.000000 -0.036347181 -2.223734856 2.904547215 -0.217893735 -0.449970007 0.603456616 0.621199965
0.000000 0.095076561 -2.024275541 2.696341515 -0.230204061 -0.466013670 0.622752130 0.584822297
